## htsjdk.samtools.metrics.StringHeader
# picard.analysis.CollectInsertSizeMetrics HISTOGRAM_FILE=NA20815_histogram INPUT=NA20815_accepted_hits.bam OUTPUT=NA20815_metrics    DEVIATIONS=10.0 MINIMUM_PCT=0.05 METRIC_ACCUMULATION_LEVEL=[ALL_READS] ASSUME_SORTED=true STOP_AFTER=0 VERBOSITY=INFO QUIET=false VALIDATION_STRINGENCY=STRICT COMPRESSION_LEVEL=5 MAX_RECORDS_IN_RAM=500000 CREATE_INDEX=false CREATE_MD5_FILE=false
## htsjdk.samtools.metrics.StringHeader
# Started on: Thu Oct 02 01:17:26 EDT 2014

## METRICS CLASS	picard.analysis.InsertSizeMetrics
MEDIAN_INSERT_SIZE	MEDIAN_ABSOLUTE_DEVIATION	MIN_INSERT_SIZE	MAX_INSERT_SIZE	MEAN_INSERT_SIZE	STANDARD_DEVIATION	READ_PAIRS	PAIR_ORIENTATION	WIDTH_OF_10_PERCENT	WIDTH_OF_20_PERCENT	WIDTH_OF_30_PERCENT	WIDTH_OF_40_PERCENT	WIDTH_OF_50_PERCENT	WIDTH_OF_60_PERCENT	WIDTH_OF_70_PERCENT	WIDTH_OF_80_PERCENT	WIDTH_OF_90_PERCENT	WIDTH_OF_99_PERCENT	SAMPLE	LIBRARY	READ_GROUP
272	150	73	243083180	394.774721	405.945608	28340011	FR	111	185	231	265	301	523	1619	3537	8239	56889			

## HISTOGRAM	java.lang.Integer
insert_size	All_Reads.fr_count
73	1
74	10
75	906
76	2702
77	2711
78	2507
79	2691
80	3062
81	3593
82	4361
83	4913
84	5393
85	5657
86	6029
87	6429
88	7191
89	8136
90	9641
91	11119
92	13782
93	16033
94	17755
95	19114
96	20152
97	21355
98	22861
99	25154
100	28616
101	33214
102	38089
103	43936
104	49318
105	52393
106	53184
107	54674
108	57311
109	60734
110	65782
111	71763
112	79522
113	88296
114	96051
115	101547
116	103064
117	102875
118	103273
119	105424
120	109832
121	115723
122	123844
123	132328
124	141152
125	147693
126	148097
127	145586
128	143182
129	143333
130	143077
131	147326
132	150980
133	159284
134	165965
135	170269
136	170307
137	166957
138	161440
139	158864
140	153077
141	152047
142	154724
143	158930
144	162242
145	166952
146	165881
147	161660
148	157969
149	152200
150	144514
151	142267
152	142222
153	143069
154	144858
155	146038
156	146326
157	144068
158	139092
159	133729
160	128094
161	124438
162	121282
163	121182
164	121771
165	123190
166	123827
167	120018
168	116771
169	113494
170	107608
171	104592
172	101497
173	100867
174	100342
175	100008
176	99609
177	99571
178	97094
179	94474
180	90104
181	87122
182	83948
183	82169
184	80615
185	81056
186	80461
187	80839
188	78676
189	76102
190	73803
191	71332
192	68737
193	67634
194	65589
195	65833
196	66656
197	66439
198	65712
199	63774
200	63002
201	59727
202	58429
203	56903
204	56588
205	55627
206	55883
207	55847
208	55492
209	54153
210	53305
211	52152
212	51190
213	49454
214	49402
215	48418
216	49023
217	48001
218	48602
219	47839
220	47305
221	46248
222	45182
223	44055
224	43042
225	42880
226	42661
227	42418
228	42432
229	41792
230	41736
231	40546
232	40074
233	38408
234	38264
235	38598
236	37037
237	37620
238	38103
239	37187
240	36391
241	35267
242	35183
243	33936
244	33365
245	34110
246	32710
247	32656
248	33296
249	32384
250	32138
251	32133
252	30636
253	30720
254	29941
255	29134
256	28999
257	28641
258	29179
259	28516
260	28330
261	27187
262	26986
263	27387
264	26517
265	25733
266	25753
267	24931
268	24825
269	25538
270	25207
271	24388
272	23966
273	23144
274	22745
275	22169
276	21799
277	21422
278	21687
279	21741
280	21491
281	21283
282	20885
283	20229
284	20157
285	19337
286	18787
287	19231
288	18997
289	18388
290	18112
291	18387
292	18147
293	18324
294	17964
295	17029
296	16832
297	17112
298	16826
299	16665
300	16437
301	16150
302	16408
303	16011
304	16303
305	15728
306	15186
307	15220
308	15489
309	15190
310	15343
311	14965
312	14759
313	14791
314	14707
315	14660
316	14334
317	14184
318	13849
319	13897
320	14039
321	13969
322	13868
323	13775
324	13779
325	13602
326	13554
327	13223
328	13431
329	13333
330	13191
331	13187
332	13152
333	12692
334	12848
335	12921
336	12803
337	12895
338	12891
339	12545
340	12527
341	12641
342	12704
343	12437
344	12432
345	11986
346	12532
347	12250
348	11798
349	11905
350	11869
351	12059
352	11994
353	11957
354	11653
355	11336
356	11492
357	11795
358	11832
359	11204
360	11289
361	11311
362	11433
363	11204
364	11165
365	11020
366	11344
367	11068
368	10925
369	10686
370	11064
371	10828
372	10685
373	10697
374	10963
375	10952
376	10784
377	10958
378	10758
379	10212
380	10619
381	10687
382	10291
383	10352
384	10563
385	10429
386	10336
387	10288
388	10409
389	9828
390	10184
391	10528
392	10604
393	10189
394	9968
395	9754
396	9949
397	10569
398	10267
399	9972
400	9977
401	10112
402	9826
403	9562
404	10143
405	9613
406	9671
407	9429
408	9542
409	9268
410	9628
411	9358
412	9142
413	9236
414	9266
415	9166
416	9205
417	9204
418	9225
419	9020
420	8770
421	9098
422	9084
423	8957
424	9077
425	8956
426	8955
427	8799
428	8541
429	8743
430	8459
431	8813
432	8953
433	8688
434	8776
435	8629
436	8547
437	8302
438	8467
439	8472
440	8399
441	8537
442	8298
443	8196
444	8091
445	8148
446	7975
447	8308
448	8219
449	8149
450	8156
451	8062
452	8060
453	8306
454	8107
455	7867
456	7885
457	7813
458	7663
459	7877
460	7622
461	7775
462	7450
463	7666
464	7634
465	7611
466	7564
467	7385
468	7349
469	7544
470	7607
471	7579
472	7406
473	7404
474	7211
475	7327
476	7121
477	7313
478	7090
479	7227
480	7048
481	7113
482	7268
483	7215
484	6924
485	7201
486	7043
487	6979
488	7125
489	7023
490	7243
491	7201
492	7301
493	7008
494	7019
495	7038
496	7182
497	7351
498	7248
499	7299
500	7412
501	7223
502	7404
503	7520
504	7535
505	7525
506	7358
507	7611
508	7788
509	7398
510	7463
511	7286
512	7139
513	7316
514	7233
515	7436
516	7417
517	7196
518	7348
519	7330
520	7512
521	7194
522	7486
523	7487
524	7415
525	7500
526	7453
527	7342
528	7317
529	7532
530	7679
531	8176
532	7204
533	7358
534	7276
535	7795
536	7633
537	7868
538	7396
539	7373
540	7303
541	7546
542	7780
543	7388
544	7535
545	7498
546	7410
547	7524
548	7402
549	7160
550	7108
551	7037
552	7777
553	7172
554	7310
555	7263
556	7080
557	6860
558	7407
559	6909
560	6844
561	6912
562	6935
563	7370
564	6739
565	7028
566	7038
567	6729
568	7064
569	6716
570	6872
571	6683
572	6724
573	6853
574	6792
575	6697
576	6617
577	6837
578	6584
579	6732
580	6384
581	6665
582	6530
583	6400
584	6485
585	6625
586	6471
587	6702
588	6501
589	6665
590	6191
591	6545
592	6336
593	6917
594	6653
595	6572
596	6412
597	6823
598	6486
599	6538
600	6172
601	6412
602	6321
603	6232
604	6521
605	6328
606	6089
607	6306
608	6121
609	6323
610	6201
611	6358
612	6248
613	6305
614	6256
615	6162
616	6437
617	6226
618	6535
619	6442
620	6284
621	6139
622	6264
623	6296
624	6177
625	6238
626	6233
627	6338
628	6483
629	6474
630	6292
631	6079
632	6200
633	6222
634	6068
635	6318
636	6088
637	6160
638	6255
639	6076
640	6316
641	6379
642	5966
643	6174
644	6186
645	6004
646	6091
647	5922
648	5888
649	6106
650	6133
651	6050
652	5881
653	5894
654	5905
655	5927
656	5910
657	5761
658	5809
659	5645
660	5989
661	5871
662	5640
663	5851
664	5810
665	5850
666	5706
667	5891
668	5941
669	5798
670	5835
671	5884
672	5927
673	5903
674	6015
675	5878
676	6293
677	6102
678	5895
679	6118
680	5938
681	5874
682	5903
683	5880
684	6068
685	6230
686	5889
687	5772
688	5806
689	5832
690	5890
691	5943
692	5732
693	5820
694	5840
695	5850
696	6018
697	5714
698	5916
699	5562
700	5839
701	5975
702	5697
703	5995
704	5767
705	5899
706	5960
707	5732
708	5792
709	5835
710	5785
711	5830
712	5915
713	5712
714	5684
715	5540
716	5477
717	5389
718	5684
719	5514
720	5576
721	5355
722	5543
723	5397
724	5548
725	5694
726	5467
727	5380
728	5472
729	5592
730	5590
731	5732
732	5489
733	5670
734	5727
735	5471
736	5553
737	5351
738	5421
739	5457
740	5275
741	5510
742	5642
743	5386
744	5541
745	5562
746	5365
747	5293
748	5329
749	5609
750	5803
751	5705
752	5644
753	5474
754	5480
755	5702
756	5559
757	5686
758	5427
759	5641
760	5551
761	5707
762	5515
763	5422
764	5524
765	5616
766	5494
767	5425
768	5597
769	5316
770	5434
771	5479
772	5462
773	5592
774	5668
775	5474
776	5492
777	5607
778	5272
779	5325
780	5367
781	5372
782	5299
783	5560
784	5703
785	5604
786	5399
787	5377
788	5579
789	5648
790	5597
791	5436
792	5349
793	5312
794	5525
795	5329
796	5299
797	5370
798	5736
799	5290
800	5276
801	5563
802	5340
803	5386
804	5314
805	5145
806	5293
807	5331
808	5253
809	5001
810	4700
811	4990
812	5134
813	4878
814	5010
815	4893
816	4914
817	4930
818	4814
819	4682
820	4959
821	4956
822	4876
823	4995
824	4679
825	4800
826	4750
827	4866
828	5041
829	4722
830	4601
831	4754
832	4695
833	4647
834	4909
835	4479
836	4706
837	4766
838	4667
839	4413
840	4597
841	4578
842	4582
843	4685
844	4368
845	4514
846	4739
847	4511
848	4847
849	4429
850	4608
851	4620
852	4526
853	4710
854	4516
855	4581
856	4469
857	4516
858	4588
859	4496
860	4562
861	4676
862	4567
863	4542
864	4587
865	4512
866	4529
867	4493
868	4651
869	4437
870	4459
871	4570
872	4310
873	4537
874	4428
875	4386
876	4759
877	4494
878	4484
879	4331
880	4291
881	4343
882	4418
883	4544
884	4645
885	4595
886	4449
887	4431
888	4386
889	4263
890	4558
891	4638
892	4496
893	4426
894	4297
895	4640
896	4339
897	4556
898	4579
899	4362
900	4618
901	4363
902	4608
903	4494
904	4532
905	4568
906	4718
907	4462
908	4551
909	4584
910	4468
911	4306
912	4344
913	4661
914	4498
915	4510
916	4577
917	4522
918	4345
919	4726
920	4568
921	4521
922	4501
923	4467
924	4585
925	4610
926	4507
927	4695
928	4934
929	5157
930	4465
931	4672
932	4521
933	4783
934	4568
935	4729
936	4521
937	4439
938	4578
939	4551
940	4692
941	4672
942	4408
943	4468
944	4555
945	4520
946	4420
947	4339
948	4502
949	4663
950	4640
951	4595
952	4734
953	4626
954	4533
955	4562
956	4567
957	4333
958	4323
959	4434
960	4566
961	4497
962	4383
963	4533
964	4377
965	4531
966	4391
967	4383
968	4275
969	4365
970	4282
971	4331
972	4228
973	4257
974	4379
975	4248
976	4256
977	4378
978	4157
979	4179
980	4243
981	4023
982	4255
983	4313
984	4246
985	4188
986	4274
987	4133
988	4201
989	4165
990	4244
991	3976
992	4104
993	4350
994	4280
995	4036
996	4031
997	4140
998	4137
999	3877
1000	3877
1001	3967
1002	3980
1003	3895
1004	3929
1005	3829
1006	3902
1007	4070
1008	3871
1009	3852
1010	3833
1011	3668
1012	3880
1013	3858
1014	3898
1015	3832
1016	3625
1017	3901
1018	3984
1019	3877
1020	3690
1021	3903
1022	3747
1023	3717
1024	3771
1025	3605
1026	3774
1027	3733
1028	3793
1029	3739
1030	3599
1031	3590
1032	3711
1033	3518
1034	3641
1035	3491
1036	3649
1037	3624
1038	3712
1039	3749
1040	3625
1041	3511
1042	3495
1043	3457
1044	3376
1045	3412
1046	3457
1047	3497
1048	3511
1049	3476
1050	3493
1051	3329
1052	3428
1053	3399
1054	3342
1055	3404
1056	3324
1057	3393
1058	3322
1059	3321
1060	3379
1061	3471
1062	3357
1063	3378
1064	3384
1065	3519
1066	3386
1067	3300
1068	3480
1069	3550
1070	3599
1071	3585
1072	3355
1073	3435
1074	3169
1075	3253
1076	3417
1077	3530
1078	3671
1079	3377
1080	3263
1081	3403
1082	3294
1083	3500
1084	3451
1085	3246
1086	3544
1087	3399
1088	3677
1089	3358
1090	3407
1091	3570
1092	3830
1093	3707
1094	3766
1095	3593
1096	3557
1097	3596
1098	3315
1099	3302
1100	3278
1101	3373
1102	3530
1103	3270
1104	3380
1105	3346
1106	3082
1107	3381
1108	3330
1109	3403
1110	3465
1111	3470
1112	3274
1113	3530
1114	3203
1115	3446
1116	3398
1117	3335
1118	3331
1119	3336
1120	3447
1121	3332
1122	3367
1123	3370
1124	3376
1125	3362
1126	3417
1127	3365
1128	3295
1129	3281
1130	3176
1131	3272
1132	3335
1133	3230
1134	3204
1135	3169
1136	3408
1137	3174
1138	3317
1139	3243
1140	3167
1141	3364
1142	3416
1143	3332
1144	3351
1145	3287
1146	3389
1147	3366
1148	3446
1149	3432
1150	3421
1151	3543
1152	3348
1153	3293
1154	3277
1155	3299
1156	3345
1157	3403
1158	3528
1159	3454
1160	3292
1161	3338
1162	3417
1163	3315
1164	3518
1165	3370
1166	3301
1167	3395
1168	3395
1169	3493
1170	3400
1171	3464
1172	3409
1173	3494
1174	3471
1175	3406
1176	3274
1177	3440
1178	3424
1179	3481
1180	3445
1181	3259
1182	3451
1183	3573
1184	3590
1185	3620
1186	3319
1187	3351
1188	3601
1189	3538
1190	3800
1191	3689
1192	3484
1193	3682
1194	3560
1195	3729
1196	3640
1197	3724
1198	3754
1199	3894
1200	3952
1201	3747
1202	4125
1203	4032
1204	3803
1205	3756
1206	4054
1207	4016
1208	3866
1209	3836
1210	3926
1211	3979
1212	4447
1213	4730
1214	4371
1215	4145
1216	4031
1217	4013
1218	4067
1219	3995
1220	3721
1221	3681
1222	3828
1223	3834
1224	3962
1225	3769
1226	3684
1227	3752
1228	3832
1229	3934
1230	4079
1231	3916
1232	3807
1233	3696
1234	3894
1235	3620
1236	3598
1237	3632
1238	3587
1239	3954
1240	3817
1241	3647
1242	3617
1243	3777
1244	3487
1245	3658
1246	3700
1247	3806
1248	4054
1249	3664
1250	3820
1251	3933
1252	3591
1253	3567
1254	3586
1255	3822
1256	3502
1257	3423
1258	3755
1259	3394
1260	3606
1261	3547
1262	3538
1263	3757
1264	3465
1265	3515
1266	3373
1267	3389
1268	3362
1269	3355
1270	3548
1271	3291
1272	3339
1273	3309
1274	3288
1275	3241
1276	3210
1277	3288
1278	3198
1279	3314
1280	3398
1281	3302
1282	3343
1283	3465
1284	3274
1285	3366
1286	3295
1287	3224
1288	3466
1289	3147
1290	3457
1291	3292
1292	3307
1293	3233
1294	3265
1295	3329
1296	3398
1297	3313
1298	3377
1299	3356
1300	3389
1301	3410
1302	3354
1303	3236
1304	3369
1305	3437
1306	3520
1307	3295
1308	3319
1309	3446
1310	3470
1311	3346
1312	3462
1313	3474
1314	3310
1315	3356
1316	3587
1317	3473
1318	3138
1319	3235
1320	3470
1321	3376
1322	3282
1323	3330
1324	3273
1325	3354
1326	3400
1327	3433
1328	3407
1329	3194
1330	3221
1331	3391
1332	3253
1333	3291
1334	3291
1335	3257
1336	3173
1337	3212
1338	3255
1339	3329
1340	3170
1341	3222
1342	3182
1343	3254
1344	3185
1345	3075
1346	3095
1347	3198
1348	3291
1349	3280
1350	3350
1351	3161
1352	3188
1353	3354
1354	3314
1355	3201
1356	3192
1357	3235
1358	3233
1359	3423
1360	3297
1361	3153
1362	3155
1363	3279
1364	3206
1365	3134
1366	3293
1367	3128
1368	3135
1369	3281
1370	3266
1371	3182
1372	3497
1373	3334
1374	3175
1375	3216
1376	3277
1377	3145
1378	3118
1379	3202
1380	3290
1381	3259
1382	3285
1383	3145
1384	3194
1385	3200
1386	3209
1387	3152
1388	3156
1389	3233
1390	3363
1391	3364
1392	3383
1393	3261
1394	3288
1395	3303
1396	3361
1397	3328
1398	3100
1399	3218
1400	3040
1401	2977
1402	3295
1403	3087
1404	3092
1405	3155
1406	3180
1407	3117
1408	3169
1409	2993
1410	3032
1411	3184
1412	3035
1413	3226
1414	3054
1415	3020
1416	3050
1417	3020
1418	3261
1419	3144
1420	3136
1421	3081
1422	2925
1423	3265
1424	2959
1425	3263
1426	3123
1427	3009
1428	3093
1429	3284
1430	3256
1431	3163
1432	2971
1433	3054
1434	3059
1435	2985
1436	3091
1437	2954
1438	3026
1439	2934
1440	3136
1441	2932
1442	3006
1443	2948
1444	3054
1445	2993
1446	3013
1447	3130
1448	2993
1449	3087
1450	3106
1451	2985
1452	3200
1453	2960
1454	2975
1455	3202
1456	3111
1457	3055
1458	3093
1459	2928
1460	3048
1461	3096
1462	3080
1463	3019
1464	3011
1465	2865
1466	3074
1467	2951
1468	3035
1469	2917
1470	2914
1471	3020
1472	3090
1473	3001
1474	2959
1475	2982
1476	2933
1477	2980
1478	2929
1479	3044
1480	3060
1481	2960
1482	3157
1483	3058
1484	3002
1485	2943
1486	2955
1487	3015
1488	2993
1489	2923
1490	2926
1491	2948
1492	2979
1493	3127
1494	3232
1495	3069
1496	3078
1497	3137
1498	3136
1499	3262
1500	3072
1501	3277
1502	3213
1503	3091
1504	2987
1505	3054
1506	3086
1507	3158
1508	3119
1509	2922
1510	2909
1511	2852
1512	2916
1513	2867
1514	3214
1515	2949
1516	2952
1517	2917
1518	2996
1519	3054
1520	2886
1521	3085
1522	2886
1523	3137
1524	3123
1525	3305
1526	3087
1527	2915
1528	2796
1529	2748
1530	2752
1531	2931
1532	2855
1533	3038
1534	2781
1535	2880
1536	2980
1537	3038
1538	2957
1539	2777
1540	2975
1541	2962
1542	3048
1543	2869
1544	2937
1545	3122
1546	2938
1547	3146
1548	3015
1549	3024
1550	2936
1551	3024
1552	3108
1553	2857
1554	3040
1555	3005
1556	2987
1557	2926
1558	2992
1559	3070
1560	3003
1561	2874
1562	3025
1563	3090
1564	2936
1565	3013
1566	2931
1567	3116
1568	2987
1569	3171
1570	3301
1571	3056
1572	3041
1573	3042
1574	3010
1575	2979
1576	2961
1577	3095
1578	2999
1579	2852
1580	3113
1581	2994
1582	2876
1583	3155
1584	3074
1585	3086
1586	2957
1587	3097
1588	3225
1589	3092
1590	3004
1591	3069
1592	3239
1593	2957
1594	2973
1595	3046
1596	2959
1597	2970
1598	2878
1599	3040
1600	3096
1601	2882
1602	2960
1603	3047
1604	2974
1605	3179
1606	3051
1607	3115
1608	3058
1609	2876
1610	2964
1611	2943
1612	2891
1613	2867
1614	2913
1615	3032
1616	2819
1617	2965
1618	3035
1619	2763
1620	2758
1621	2766
1622	2971
1623	2865
1624	2810
1625	2711
1626	2744
1627	3100
1628	2868
1629	2856
1630	2816
1631	2977
1632	2924
1633	2770
1634	3172
1635	2967
1636	2847
1637	2863
1638	2993
1639	3199
1640	2834
1641	3093
1642	2936
1643	2868
1644	2774
1645	2870
1646	3232
1647	2806
1648	2849
1649	3166
1650	3186
1651	3513
1652	2979
1653	3010
1654	3004
1655	3104
1656	3282
1657	3644
1658	3759
1659	3215
1660	3034
1661	3300
1662	4067
1663	3474
1664	3144
1665	3224
1666	2942
1667	3178
1668	3464
1669	4367
1670	3434
1671	2962
1672	3121
1673	2927
1674	2992
1675	3188
1676	2919
1677	2980
1678	2960
1679	2843
1680	2831
1681	2736
1682	2837
1683	3243
1684	2909
1685	3042
1686	2877
1687	2929
1688	3022
1689	2920
1690	2922
1691	2787
1692	2892
1693	2868
1694	2797
1695	2836
1696	2974
1697	3119
1698	3121
1699	3027
1700	3002
1701	2854
1702	3112
1703	2757
1704	2736
1705	2763
1706	2927
1707	3228
1708	2917
1709	2832
1710	2652
1711	2532
1712	2838
1713	2959
1714	2979
1715	2814
1716	2672
1717	2696
1718	3083
1719	2628
1720	2788
1721	2809
1722	2733
1723	2812
1724	2726
1725	2717
1726	2722
1727	2684
1728	2663
1729	2573
1730	2595
1731	2645
1732	2595
1733	2551
1734	2531
1735	2580
1736	2515
1737	2735
1738	2510
1739	2568
1740	2542
1741	2547
1742	2551
1743	2521
1744	2576
1745	2579
1746	2564
1747	2684
1748	2728
1749	2715
1750	2585
1751	2579
1752	2616
1753	2593
1754	2664
1755	2621
1756	2543
1757	2581
1758	2602
1759	2630
1760	2539
1761	2542
1762	2530
1763	2418
1764	2582
1765	2605
1766	2519
1767	2558
1768	2456
1769	2581
1770	2514
1771	2464
1772	2467

