## htsjdk.samtools.metrics.StringHeader
# picard.analysis.CollectInsertSizeMetrics HISTOGRAM_FILE=NA18858_histogram INPUT=NA18858_accepted_hits.bam OUTPUT=NA18858_metrics    DEVIATIONS=10.0 MINIMUM_PCT=0.05 METRIC_ACCUMULATION_LEVEL=[ALL_READS] ASSUME_SORTED=true STOP_AFTER=0 VERBOSITY=INFO QUIET=false VALIDATION_STRINGENCY=STRICT COMPRESSION_LEVEL=5 MAX_RECORDS_IN_RAM=500000 CREATE_INDEX=false CREATE_MD5_FILE=false
## htsjdk.samtools.metrics.StringHeader
# Started on: Thu Oct 02 01:05:25 EDT 2014

## METRICS CLASS	picard.analysis.InsertSizeMetrics
MEDIAN_INSERT_SIZE	MEDIAN_ABSOLUTE_DEVIATION	MIN_INSERT_SIZE	MAX_INSERT_SIZE	MEAN_INSERT_SIZE	STANDARD_DEVIATION	READ_PAIRS	PAIR_ORIENTATION	WIDTH_OF_10_PERCENT	WIDTH_OF_20_PERCENT	WIDTH_OF_30_PERCENT	WIDTH_OF_40_PERCENT	WIDTH_OF_50_PERCENT	WIDTH_OF_60_PERCENT	WIDTH_OF_70_PERCENT	WIDTH_OF_80_PERCENT	WIDTH_OF_90_PERCENT	WIDTH_OF_99_PERCENT	SAMPLE	LIBRARY	READ_GROUP
255	133	74	244460064	360.26613	351.852606	25890870	FR	89	155	199	233	267	377	1243	2867	6779	55663			

## HISTOGRAM	java.lang.Integer
insert_size	All_Reads.fr_count
74	2
75	5
76	716
77	1982
78	2127
79	2201
80	2455
81	2825
82	3397
83	4016
84	4490
85	4957
86	5523
87	5998
88	6906
89	7877
90	9164
91	11026
92	13054
93	15361
94	17559
95	19546
96	21282
97	22874
98	25064
99	27659
100	31362
101	35542
102	40627
103	46045
104	51686
105	55715
106	58148
107	60621
108	64136
109	68615
110	72988
111	79060
112	85181
113	92966
114	100388
115	106175
116	107978
117	109965
118	111187
119	112352
120	115730
121	121557
122	126268
123	132983
124	138219
125	143598
126	144594
127	143876
128	143148
129	141595
130	140766
131	142654
132	145809
133	148990
134	154122
135	156614
136	155976
137	153418
138	151167
139	149543
140	143792
141	141400
142	142739
143	144363
144	146622
145	149052
146	148807
147	146332
148	142770
149	138583
150	132845
151	130338
152	128888
153	128952
154	129599
155	130182
156	128847
157	126665
158	124345
159	120220
160	117077
161	113567
162	109893
163	109456
164	109826
165	108811
166	109198
167	106741
168	104175
169	101078
170	97979
171	94243
172	92858
173	91402
174	90720
175	89129
176	89551
177	88598
178	87169
179	85022
180	81744
181	78664
182	76544
183	75656
184	74088
185	73973
186	72718
187	72873
188	72065
189	69926
190	68677
191	65283
192	63909
193	62385
194	61555
195	60961
196	61123
197	60955
198	60696
199	58894
200	58364
201	56568
202	54315
203	53409
204	52741
205	52274
206	52079
207	51978
208	51360
209	50802
210	50459
211	49219
212	48500
213	47133
214	46475
215	45461
216	45640
217	45644
218	45740
219	45675
220	44473
221	44241
222	43090
223	41451
224	41099
225	41212
226	40674
227	40702
228	40456
229	39375
230	39758
231	38468
232	38355
233	36934
234	36768
235	36808
236	35654
237	36180
238	36165
239	35449
240	35014
241	34359
242	33877
243	32304
244	31979
245	31570
246	31237
247	30303
248	31457
249	30280
250	30715
251	29955
252	29966
253	28986
254	28931
255	28027
256	27432
257	27413
258	27562
259	27656
260	26805
261	25931
262	25875
263	26070
264	25590
265	24847
266	24577
267	24073
268	23935
269	24332
270	24306
271	23620
272	22954
273	22706
274	21967
275	21621
276	20899
277	20480
278	20675
279	20629
280	20688
281	20475
282	20048
283	19383
284	19299
285	19128
286	18500
287	18683
288	18093
289	17863
290	17943
291	17836
292	17716
293	17748
294	17476
295	16761
296	16623
297	16658
298	16423
299	16331
300	15817
301	15971
302	15918
303	15714
304	16156
305	15591
306	15056
307	14895
308	15303
309	14902
310	14953
311	15060
312	14688
313	14664
314	14591
315	14524
316	14479
317	14118
318	14013
319	13958
320	13788
321	14046
322	13697
323	13911
324	13575
325	13800
326	13353
327	13550
328	13296
329	13320
330	13590
331	13376
332	13271
333	12720
334	12796
335	13129
336	12847
337	12914
338	12620
339	12328
340	12654
341	12634
342	12874
343	12537
344	12477
345	12077
346	12359
347	12523
348	12068
349	11875
350	12129
351	12015
352	11961
353	11912
354	11733
355	11733
356	11469
357	11657
358	11497
359	11275
360	11532
361	11279
362	11515
363	11065
364	11131
365	11422
366	11377
367	11164
368	11183
369	10825
370	11022
371	10951
372	10644
373	11017
374	10804
375	10938
376	10695
377	10708
378	10575
379	10262
380	10440
381	10699
382	10256
383	10223
384	10411
385	10625
386	10589
387	10588
388	10121
389	10099
390	10128
391	10550
392	10512
393	10278
394	10266
395	9843
396	10048
397	10272
398	10287
399	9885
400	9832
401	10123
402	9828
403	9546
404	10121
405	9748
406	9775
407	9510
408	9644
409	9609
410	9348
411	9308
412	9029
413	9185
414	9125
415	9067
416	9109
417	9287
418	9156
419	8878
420	8765
421	8880
422	8857
423	8945
424	9024
425	8884
426	8794
427	8628
428	8552
429	8487
430	8312
431	8458
432	8449
433	8505
434	8324
435	8344
436	8354
437	8177
438	8321
439	8206
440	8319
441	8220
442	7976
443	7968
444	7992
445	7955
446	7899
447	7999
448	8027
449	7830
450	7823
451	7818
452	7746
453	7852
454	7902
455	7652
456	7580
457	7429
458	7514
459	7486
460	7426
461	7109
462	7324
463	7346
464	7389
465	7251
466	7246
467	7038
468	6870
469	6965
470	7146
471	7232
472	7001
473	7026
474	6929
475	6852
476	7024
477	6972
478	6460
479	6767
480	6670
481	6876
482	6855
483	6592
484	6798
485	6845
486	6624
487	6622
488	6603
489	6581
490	6704
491	6891
492	6834
493	6914
494	6614
495	6790
496	6802
497	6930
498	6854
499	6761
500	6910
501	6704
502	6964
503	7005
504	6998
505	6857
506	7090
507	7470
508	7399
509	7204
510	7103
511	6958
512	7032
513	6839
514	7082
515	7042
516	7140
517	7163
518	7272
519	7079
520	7047
521	7036
522	7099
523	7355
524	7353
525	6961
526	7236
527	7262
528	7308
529	7270
530	7363
531	7715
532	7551
533	7076
534	7527
535	7697
536	7459
537	7711
538	7415
539	7362
540	7263
541	7309
542	7481
543	7271
544	7154
545	7344
546	7085
547	7180
548	7176
549	7034
550	6746
551	6869
552	7365
553	6973
554	7001
555	7062
556	6790
557	6677
558	6969
559	6858
560	6475
561	6702
562	6652
563	7133
564	6548
565	6852
566	6799
567	6497
568	6570
569	6385
570	6676
571	6697
572	6568
573	6773
574	6432
575	6512
576	6430
577	6692
578	6611
579	6409
580	6259
581	6570
582	6345
583	6403
584	6499
585	6591
586	6377
587	6626
588	6526
589	6706
590	6180
591	6383
592	6471
593	6802
594	6407
595	6405
596	6368
597	6562
598	6224
599	6419
600	6317
601	6324
602	6177
603	6401
604	6222
605	6228
606	6022
607	6306
608	6209
609	6205
610	6167
611	6315
612	6061
613	6062
614	6033
615	6063
616	6177
617	6013
618	6444
619	6084
620	6073
621	5998
622	6157
623	6241
624	6118
625	6161
626	6101
627	6148
628	6375
629	6257
630	6260
631	6112
632	6308
633	6319
634	6208
635	6094
636	6237
637	6290
638	6310
639	6207
640	6147
641	6202
642	6184
643	6605
644	6523
645	6118
646	6163
647	6029
648	5924
649	6288
650	6339
651	5877
652	5925
653	6049
654	6282
655	6066
656	5926
657	5957
658	5866
659	5883
660	6048
661	6065
662	5841
663	6068
664	5852
665	6043
666	5813
667	5867
668	5967
669	5865
670	6081
671	5957
672	6013
673	6037
674	6029
675	6024
676	6191
677	6187
678	6064
679	6161
680	5855
681	5951
682	6024
683	6047
684	6180
685	6327
686	6177
687	5862
688	5873
689	5905
690	6032
691	5941
692	5918
693	5890
694	6040
695	6160
696	6009
697	5797
698	6094
699	5797
700	5921
701	6067
702	5724
703	5943
704	6039
705	6059
706	6073
707	5834
708	5962
709	5852
710	5825
711	5871
712	5831
713	5746
714	5515
715	5770
716	5669
717	5536
718	5733
719	5469
720	5433
721	5530
722	5565
723	5408
724	5363
725	5414
726	5523
727	5320
728	5455
729	5323
730	5356
731	5600
732	5430
733	5437
734	5805
735	5390
736	5337
737	5245
738	5296
739	5287
740	5310
741	5330
742	5615
743	5379
744	5522
745	5358
746	5202
747	5172
748	5206
749	5315
750	5715
751	5523
752	5730
753	5474
754	5520
755	5364
756	5372
757	5346
758	5347
759	5406
760	5365
761	5440
762	5234
763	5347
764	5250
765	5363
766	5165
767	5271
768	5385
769	5111
770	5385
771	5281
772	5103
773	5477
774	5307
775	5221
776	5161
777	5283
778	5111
779	4965
780	5172
781	5254
782	5180
783	5106
784	5473
785	5198
786	5119
787	5017
788	5058
789	5095
790	5117
791	5043
792	5016
793	5010
794	5038
795	4889
796	4812
797	5247
798	5275
799	4772
800	4869
801	5094
802	5081
803	4912
804	4984
805	4887
806	4936
807	5036
808	4961
809	4666
810	4486
811	4748
812	4652
813	4535
814	4585
815	4635
816	4650
817	4703
818	4544
819	4551
820	4628
821	4739
822	4507
823	4618
824	4370
825	4610
826	4474
827	4523
828	4695
829	4539
830	4303
831	4454
832	4553
833	4562
834	4472
835	4427
836	4458
837	4418
838	4223
839	4206
840	4334
841	4452
842	4402
843	4327
844	4077
845	4323
846	4510
847	4473
848	4539
849	4327
850	4397
851	4408
852	4395
853	4416
854	4366
855	4386
856	4304
857	4285
858	4305
859	4246
860	4236
861	4398
862	4416
863	4355
864	4478
865	4320
866	4304
867	4367
868	4352
869	4353
870	4197
871	4377
872	4150
873	4182
874	4259
875	4275
876	4475
877	4251
878	4140
879	4216
880	4127
881	4362
882	4275
883	4334
884	4544
885	4183
886	4234
887	4377
888	4246
889	4301
890	4407
891	4528
892	4438
893	4376
894	4306
895	4512
896	4331
897	4414
898	4634
899	4283
900	4686
901	4419
902	4559
903	4378
904	4339
905	4435
906	4524
907	4692
908	4536
909	4467
910	4456
911	4206
912	4400
913	4433
914	4358
915	4299
916	4387
917	4280
918	4384
919	4639
920	4456
921	4384
922	4424
923	4548
924	4345
925	4480
926	4259
927	4664
928	4583
929	5062
930	4522
931	4656
932	4511
933	4623
934	4671
935	4603
936	4509
937	4475
938	4430
939	4501
940	4531
941	4341
942	4365
943	4365
944	4283
945	4451
946	4566
947	4405
948	4431
949	4529
950	4350
951	4488
952	4565
953	4506
954	4385
955	4424
956	4418
957	4411
958	4155
959	4310
960	4264
961	4280
962	4249
963	4426
964	4156
965	4250
966	4203
967	4126
968	4121
969	4083
970	4108
971	4066
972	4107
973	4105
974	4090
975	4213
976	4055
977	4000
978	3713
979	3824
980	3915
981	3827
982	3844
983	3931
984	3756
985	3849
986	3974
987	3980
988	3839
989	3846
990	3835
991	3778
992	3874
993	3701
994	3978
995	3717
996	3647
997	3643
998	3547
999	3381
1000	3610
1001	3668
1002	3706
1003	3709
1004	3472
1005	3466
1006	3468
1007	3571
1008	3567
1009	3375
1010	3584
1011	3392
1012	3455
1013	3564
1014	3580
1015	3523
1016	3434
1017	3517
1018	3622
1019	3385
1020	3391
1021	3471
1022	3361
1023	3425
1024	3667
1025	3356
1026	3349
1027	3370
1028	3447
1029	3391
1030	3265
1031	3291
1032	3176
1033	3221
1034	3093
1035	3169
1036	3095
1037	3121
1038	3172
1039	3275
1040	3357
1041	3222
1042	3163
1043	3055
1044	3289
1045	3163
1046	3228
1047	3192
1048	3035
1049	2958
1050	3117
1051	2934
1052	3040
1053	3040
1054	2963
1055	3067
1056	3021
1057	3114
1058	2917
1059	2967
1060	3055
1061	2954
1062	3132
1063	3030
1064	2882
1065	3015
1066	2986
1067	2964
1068	3101
1069	3292
1070	3114
1071	3093
1072	3092
1073	2986
1074	3036
1075	2995
1076	3048
1077	3130
1078	3362
1079	3064
1080	3084
1081	3017
1082	3022
1083	2912
1084	3190
1085	2851
1086	3187
1087	3137
1088	3290
1089	3174
1090	3106
1091	3248
1092	3243
1093	3377
1094	3441
1095	3056
1096	3210
1097	3263
1098	3044
1099	3005
1100	3040
1101	3056
1102	3148
1103	2919
1104	3041
1105	3084
1106	2943
1107	3037
1108	2930
1109	3119
1110	2990
1111	3015
1112	2931
1113	3029
1114	2978
1115	2895
1116	3195
1117	2904
1118	3112
1119	2941
1120	3056
1121	3062
1122	3090
1123	3006
1124	3043
1125	3071
1126	3010
1127	3016
1128	3012
1129	2989
1130	2906
1131	2951
1132	2937
1133	2899
1134	2879
1135	2907
1136	2975
1137	2958
1138	2853
1139	2914
1140	2812
1141	3075
1142	3082
1143	2920
1144	2893
1145	2929
1146	3086
1147	2974
1148	3078
1149	3051
1150	3117
1151	3156
1152	3026
1153	2920
1154	3008
1155	2972
1156	2982
1157	3120
1158	3090
1159	3012
1160	2990
1161	3071
1162	3041
1163	3004
1164	3075
1165	3015
1166	2950
1167	2933
1168	2922
1169	2920
1170	3145
1171	3052
1172	3018
1173	3021
1174	3022
1175	2905
1176	2965
1177	3208
1178	3119
1179	2941
1180	2964
1181	2910
1182	2995
1183	3116
1184	3086
1185	3138
1186	3033
1187	2961
1188	3097
1189	3135
1190	3370
1191	3297
1192	3068
1193	3328
1194	3134
1195	3503
1196	3350
1197	3391
1198	3551
1199	3570
1200	3687
1201	3613
1202	3834
1203	3780
1204	3688
1205	3550
1206	3833
1207	3630
1208	3611
1209	3614
1210	3686
1211	3637
1212	4005
1213	4314
1214	4416
1215	4093
1216	4352
1217	3873
1218	4002
1219	3826
1220	3697
1221	3592
1222	3618
1223	3648
1224	3728
1225	3653
1226	3468
1227	3526
1228	3658
1229	3651
1230	4159
1231	3740
1232	3774
1233	3551
1234	3703
1235	3615
1236	3543
1237	3556
1238	3512
1239	3617
1240	3506
1241	3408
1242	3424
1243	3380
1244	3245
1245	3436
1246	3363
1247	3658
1248	3428
1249	3712
1250	3531
1251	3554
1252	3493
1253	3405
1254	3430
1255	3525
1256	3267
1257	3110
1258	3393
1259	3216
1260	3264
1261	3271
1262	3192
1263	3434
1264	3286
1265	3281
1266	3093
1267	3091
1268	3075
1269	3110
1270	3151
1271	3050
1272	2979
1273	3041
1274	3060
1275	3002
1276	2953
1277	3029
1278	2992
1279	2993
1280	2994
1281	2908
1282	2992
1283	3150
1284	2947
1285	3011
1286	3015
1287	2991
1288	3098
1289	2928
1290	3082
1291	3049
1292	2941
1293	3113
1294	2976
1295	2959
1296	3075
1297	2984
1298	3078
1299	3133
1300	3066
1301	3144
1302	3007
1303	3054
1304	2934
1305	3000
1306	3261
1307	2964
1308	3186
1309	3042
1310	2980
1311	2994
1312	3117
1313	3065
1314	3089
1315	3147
1316	3112
1317	3060
1318	3026
1319	3017
1320	2992
1321	2958
1322	3024
1323	2925
1324	3051
1325	2931
1326	2945
1327	3080
1328	2952
1329	2992
1330	2822
1331	2859
1332	2895
1333	2975
1334	2901
1335	2749
1336	2849
1337	2941
1338	2921
1339	2929
1340	2818
1341	2800
1342	2863
1343	2822
1344	2819
1345	2738
1346	2810
1347	2854
1348	2873
1349	3025
1350	2881
1351	2934
1352	2862
1353	2883
1354	2973
1355	2822
1356	2816
1357	2995
1358	2951
1359	3068
1360	3006
1361	2876
1362	3022
1363	2881
1364	2890
1365	2898
1366	2946
1367	2874
1368	2845
1369	2957
1370	2899
1371	2797
1372	3097
1373	3330
1374	3009
1375	2997
1376	3082
1377	2959
1378	2900
1379	3022
1380	2972
1381	2806
1382	3062
1383	2957
1384	2939
1385	3011
1386	2961
1387	2991
1388	2870
1389	2953
1390	2966
1391	2962
1392	3017
1393	2948
1394	2915
1395	3055
1396	2992
1397	3033
1398	2863
1399	2881
1400	2807
1401	2863
1402	2860
1403	2909
1404	2745
1405	2704
1406	2873
1407	2831
1408	2869
1409	2661
1410	2733
1411	2690
1412	2707
1413	2894
1414	2727
1415	2795
1416	2732
1417	2745
1418	2950
1419	2799
1420	2724
1421	2792
1422	2728
1423	2872
1424	2730
1425	2847
1426	2775
1427	2691
1428	2783
1429	2970
1430	3194
1431	2801
1432	2705
1433	2898
1434	2700
1435	2692
1436	2749
1437	2758
1438	2736
1439	2747
1440	2746
1441	2569
1442	2559
1443	2676
1444	2702
1445	2693
1446	2707
1447	2757
1448	2684
1449	2737
1450	2902
1451	2758
1452	2932
1453	2780
1454	2742
1455	2884
1456	2953
1457	2976
1458	2988
1459	2909
1460	2928
1461	2833
1462	2804
1463	2688
1464	2853
1465	2730
1466	2963
1467	2832
1468	2861
1469	2810
1470	2676
1471	2840
1472	2840
1473	2901
1474	2841
1475	2818
1476	2622
1477	2864
1478	2756
1479	2788
1480	2816
1481	2772
1482	2946
1483	2813
1484	2689
1485	2620
1486	2602
1487	2874
1488	2728
1489	2708
1490	2632
1491	2712
1492	2847
1493	2890
1494	2903
1495	2800
1496	2772
1497	2936
1498	2856
1499	2994
1500	2797
1501	2923
1502	2931
1503	2921
1504	2906
1505	2849
1506	2958
1507	2917
1508	2827
1509	2786
1510	2681
1511	2675
1512	2674
1513	2850
1514	2905
1515	2825
1516	2588
1517	2778
1518	2695
1519	2703
1520	2625
1521	2770
1522	2747
1523	2792
1524	2765
1525	2908
1526	2639
1527	2607
1528	2594
1529	2568
1530	2574
1531	2676
1532	2516
1533	2722
1534	2607
1535	2558
1536	2657
1537	2842
1538	2727
1539	2672
1540	2640
1541	2587
1542	2628
1543	2477
1544	2597
1545	2690
1546	2657
1547	2749
1548	2650
1549	2674
1550	2684
1551	2803
1552	2727
1553	2784
1554	2683
1555	2717
1556	2806
1557	2572
1558	2911
1559	2730
1560	2767
1561	2730
1562	2666
1563	2858
1564	2765
1565	2804
1566	2654
1567	2729
1568	2780
1569	2870
1570	3014
1571	2813
1572	2816
1573	2850
1574	2794
1575	2699
1576	2828
1577	2745
1578	2927
1579	2773
1580	2839
1581	2806
1582	2592
1583	2737
1584	2768
1585	2915

