## htsjdk.samtools.metrics.StringHeader
# picard.analysis.CollectInsertSizeMetrics HISTOGRAM_FILE=NA06985_histogram INPUT=NA06985_accepted_hits.bam OUTPUT=NA06985_metrics    DEVIATIONS=10.0 MINIMUM_PCT=0.05 METRIC_ACCUMULATION_LEVEL=[ALL_READS] ASSUME_SORTED=true STOP_AFTER=0 VERBOSITY=INFO QUIET=false VALIDATION_STRINGENCY=STRICT COMPRESSION_LEVEL=5 MAX_RECORDS_IN_RAM=500000 CREATE_INDEX=false CREATE_MD5_FILE=false
## htsjdk.samtools.metrics.StringHeader
# Started on: Thu Oct 02 01:01:42 EDT 2014

## METRICS CLASS	picard.analysis.InsertSizeMetrics
MEDIAN_INSERT_SIZE	MEDIAN_ABSOLUTE_DEVIATION	MIN_INSERT_SIZE	MAX_INSERT_SIZE	MEAN_INSERT_SIZE	STANDARD_DEVIATION	READ_PAIRS	PAIR_ORIENTATION	WIDTH_OF_10_PERCENT	WIDTH_OF_20_PERCENT	WIDTH_OF_30_PERCENT	WIDTH_OF_40_PERCENT	WIDTH_OF_50_PERCENT	WIDTH_OF_60_PERCENT	WIDTH_OF_70_PERCENT	WIDTH_OF_80_PERCENT	WIDTH_OF_90_PERCENT	WIDTH_OF_99_PERCENT	SAMPLE	LIBRARY	READ_GROUP
287	142	73	243083313	404.572463	380.936144	28604398	FR	89	157	207	247	285	387	1259	2881	6785	46581			

## HISTOGRAM	java.lang.Integer
insert_size	All_Reads.fr_count
73	1
74	1
75	529
76	1472
77	1506
78	1438
79	1442
80	1493
81	1537
82	1682
83	1656
84	1719
85	1798
86	1840
87	1905
88	2052
89	2170
90	2289
91	2576
92	3057
93	3534
94	3852
95	4073
96	4251
97	4269
98	4709
99	5013
100	5897
101	6879
102	8210
103	9433
104	10861
105	11684
106	12062
107	12667
108	13609
109	14306
110	16252
111	18930
112	21372
113	24526
114	27817
115	30568
116	31964
117	32817
118	33732
119	35087
120	37513
121	41185
122	45838
123	51745
124	56524
125	61273
126	63771
127	65016
128	65813
129	66988
130	68263
131	71632
132	77668
133	83968
134	92470
135	96921
136	100880
137	101327
138	100594
139	99800
140	99868
141	100967
142	105344
143	113470
144	120077
145	126099
146	130635
147	130242
148	129991
149	126675
150	122980
151	122187
152	124398
153	129911
154	135741
155	139672
156	141827
157	143597
158	142245
159	139182
160	134731
161	132165
162	130890
163	133066
164	137121
165	141886
166	144551
167	144165
168	143175
169	140066
170	134398
171	130596
172	128616
173	127767
174	130083
175	130282
176	133539
177	133361
178	133098
179	131375
180	127126
181	122435
182	118693
183	116404
184	116282
185	118089
186	118579
187	119531
188	119093
189	116886
190	115225
191	109767
192	105962
193	102351
194	102218
195	100713
196	103363
197	103458
198	103742
199	100909
200	100120
201	96422
202	92509
203	89944
204	88083
205	86931
206	87252
207	87321
208	87386
209	85809
210	84688
211	82541
212	80538
213	77523
214	76373
215	74450
216	75545
217	75117
218	75706
219	75932
220	74140
221	71986
222	69887
223	68060
224	65961
225	65350
226	65304
227	65590
228	65616
229	65043
230	64011
231	62688
232	62441
233	60246
234	58720
235	58519
236	56564
237	57456
238	57284
239	56504
240	54139
241	53832
242	52522
243	51309
244	49893
245	50211
246	48642
247	49006
248	49898
249	48888
250	48901
251	48629
252	47507
253	47037
254	46302
255	44896
256	43756
257	43263
258	43862
259	44453
260	43076
261	42313
262	41735
263	42279
264	41608
265	40058
266	39855
267	38980
268	39167
269	40127
270	39039
271	39127
272	38385
273	37935
274	37227
275	35937
276	34775
277	34378
278	34570
279	34884
280	34682
281	34019
282	33310
283	32798
284	33146
285	32052
286	31389
287	31015
288	30060
289	29634
290	29471
291	29822
292	30133
293	29600
294	29006
295	27958
296	27594
297	27338
298	26595
299	26880
300	26101
301	25801
302	26310
303	24975
304	25584
305	24764
306	24637
307	24294
308	23734
309	23529
310	22944
311	23083
312	22529
313	22796
314	22331
315	22406
316	21982
317	21622
318	20906
319	21040
320	20974
321	21179
322	20813
323	20560
324	20420
325	20212
326	19640
327	19376
328	19559
329	19000
330	18896
331	18958
332	18556
333	18422
334	18278
335	18415
336	18137
337	18105
338	17727
339	17428
340	17433
341	17336
342	17571
343	17334
344	17220
345	16669
346	17139
347	16923
348	16614
349	16344
350	16260
351	16528
352	15896
353	16191
354	15713
355	15268
356	15503
357	15874
358	15646
359	14909
360	15154
361	15101
362	15219
363	14973
364	15443
365	15519
366	15187
367	15001
368	14792
369	14401
370	14330
371	14558
372	14204
373	14439
374	14135
375	14165
376	14104
377	13841
378	13691
379	13648
380	13730
381	13556
382	13365
383	13001
384	13500
385	13185
386	13497
387	13261
388	13065
389	12999
390	12865
391	13553
392	13564
393	13357
394	12574
395	12484
396	12542
397	12786
398	12624
399	12441
400	12601
401	12630
402	12425
403	12157
404	12712
405	12362
406	12261
407	12051
408	12176
409	11878
410	11865
411	11873
412	11455
413	11899
414	11338
415	11139
416	11368
417	11186
418	11263
419	11099
420	10819
421	10974
422	10889
423	10690
424	11072
425	10823
426	10589
427	10862
428	10500
429	10396
430	10280
431	10404
432	10286
433	10208
434	10303
435	10282
436	10329
437	10174
438	10152
439	9897
440	9767
441	9877
442	9786
443	9621
444	9709
445	9448
446	9538
447	9536
448	9674
449	9323
450	9609
451	9093
452	9369
453	9393
454	9500
455	9101
456	8955
457	8845
458	8982
459	9031
460	9162
461	8841
462	8754
463	8613
464	8861
465	8544
466	8932
467	8629
468	8690
469	8535
470	8495
471	8732
472	8521
473	8386
474	8552
475	8489
476	8297
477	8376
478	7995
479	8187
480	8018
481	8190
482	8316
483	8074
484	8152
485	8038
486	8009
487	8034
488	7897
489	7959
490	7988
491	7966
492	7929
493	7729
494	7826
495	7792
496	7762
497	7557
498	7790
499	7646
500	7472
501	7432
502	7693
503	7788
504	7733
505	7914
506	7758
507	7723
508	7999
509	7705
510	7644
511	7355
512	7412
513	7462
514	7383
515	7473
516	7502
517	7413
518	7682
519	7342
520	7490
521	7470
522	7790
523	7935
524	7794
525	7573
526	7630
527	7666
528	7670
529	7615
530	8115
531	8492
532	7725
533	7910
534	7906
535	8129
536	8005
537	8169
538	8052
539	7898
540	8071
541	7855
542	8012
543	7853
544	8129
545	8023
546	8031
547	8092
548	7834
549	7809
550	7716
551	7671
552	8015
553	7924
554	8030
555	7922
556	7650
557	7894
558	7904
559	7699
560	7608
561	7689
562	7823
563	7870
564	7751
565	7877
566	7836
567	7517
568	7614
569	7587
570	7784
571	7621
572	7662
573	7793
574	7867
575	7764
576	7597
577	7920
578	7580
579	7416
580	7587
581	7522
582	7592
583	7536
584	7338
585	7465
586	7432
587	7552
588	7523
589	7617
590	7409
591	7547
592	7615
593	7846
594	7539
595	7614
596	7668
597	7770
598	7542
599	7794
600	7684
601	7314
602	7517
603	7619
604	7692
605	7493
606	7354
607	7279
608	7191
609	7485
610	7281
611	7402
612	7467
613	7269
614	7286
615	7225
616	7293
617	7297
618	7448
619	7368
620	7491
621	7190
622	7341
623	7363
624	7415
625	7455
626	7239
627	7528
628	7447
629	7650
630	7755
631	7270
632	7657
633	7459
634	7542
635	7251
636	7365
637	7303
638	7587
639	7492
640	7379
641	7371
642	7515
643	7524
644	7499
645	7280
646	7268
647	7107
648	7116
649	7334
650	7145
651	7079
652	7014
653	7179
654	7184
655	7048
656	7029
657	6921
658	6825
659	7128
660	7193
661	7035
662	7045
663	7016
664	7046
665	7078
666	6884
667	6972
668	6944
669	7004
670	7065
671	7277
672	7054
673	7137
674	6992
675	6779
676	7110
677	7041
678	6930
679	6970
680	6887
681	6828
682	6980
683	7058
684	7037
685	7225
686	6802
687	6791
688	6669
689	6630
690	6741
691	6840
692	7005
693	6842
694	6764
695	6679
696	6772
697	6751
698	6785
699	6562
700	6839
701	6768
702	6570
703	6969
704	6957
705	6748
706	6747
707	6728
708	6645
709	6542
710	6642
711	6707
712	6609
713	6547
714	6525
715	6679
716	6458
717	6306
718	6651
719	6447
720	6206
721	6093
722	6307
723	6330
724	6242
725	6166
726	6316
727	6202
728	6148
729	6232
730	6099
731	6112
732	5927
733	5987
734	6299
735	5911
736	5866
737	5943
738	5850
739	5730
740	5665
741	5832
742	5959
743	5723
744	5755
745	5747
746	5400
747	5644
748	5595
749	5690
750	5823
751	5917
752	5731
753	5822
754	5751
755	5878
756	5666
757	5837
758	5489
759	5731
760	5794
761	5765
762	5754
763	5732
764	5802
765	5774
766	5896
767	5687
768	5858
769	5507
770	5664
771	5802
772	5814
773	5995
774	5720
775	5695
776	5793
777	5719
778	5669
779	5525
780	5865
781	5580
782	5783
783	5703
784	5784
785	5749
786	5658
787	5741
788	5838
789	5642
790	5601
791	5731
792	5694
793	5615
794	5750
795	5792
796	5560
797	5768
798	5893
799	5296
800	5289
801	5600
802	5745
803	5565
804	5686
805	5642
806	5677
807	5461
808	5557
809	5437
810	5241
811	5521
812	5472
813	5480
814	5419
815	5465
816	5550
817	5338
818	5539
819	5287
820	5353
821	5359
822	5244
823	5366
824	5008
825	5161
826	5145
827	5142
828	5419
829	5155
830	5272
831	5157
832	4993
833	4998
834	4909
835	5115
836	5094
837	5050
838	4989
839	4817
840	4859
841	4898
842	4855
843	4880
844	4909
845	5036
846	4923
847	4890
848	5062
849	4806
850	4862
851	5029
852	4808
853	4934
854	4842
855	4940
856	4924
857	4916
858	4775
859	4642
860	4643
861	4791
862	4747
863	4677
864	4817
865	4731
866	4670
867	4712
868	4855
869	4705
870	4700
871	4791
872	4669
873	4575
874	4572
875	4700
876	4811
877	4626
878	4852
879	4540
880	4531
881	4597
882	4837
883	4853
884	4795
885	4648
886	4553
887	4569
888	4585
889	4720
890	4693
891	5004
892	4862
893	4669
894	4733
895	4679
896	4679
897	4952
898	4908
899	4605
900	4985
901	4693
902	4697
903	4574
904	4798
905	4838
906	4796
907	4900
908	4895
909	4869
910	4721
911	4697
912	4824
913	4727
914	4805
915	4648
916	4833
917	4786
918	4646
919	4864
920	4895
921	4818
922	4668
923	4893
924	4870
925	5019
926	4855
927	5323
928	5234
929	5344
930	5023
931	5057
932	5032
933	5037
934	5137
935	5039
936	4878
937	4692
938	4815
939	4819
940	4994
941	4876
942	4857
943	4717
944	4856
945	4728
946	4846
947	4776
948	4773
949	4954
950	4927
951	5018
952	4945
953	4901
954	4891
955	5041
956	4855
957	4687
958	4711
959	4855
960	5064
961	4905
962	4876
963	4671
964	4652
965	4690
966	4764
967	4772
968	4787
969	4693
970	4741
971	4554
972	4783
973	4569
974	4822
975	4683
976	4642
977	4562
978	4383
979	4487
980	4487
981	4639
982	4521
983	4588
984	4464
985	4436
986	4527
987	4756
988	4499
989	4600
990	4789
991	4339
992	4695
993	4523
994	4729
995	4620
996	4774
997	4597
998	4539
999	4417
1000	4602
1001	4473
1002	4596
1003	4392
1004	4591
1005	4498
1006	4345
1007	4478
1008	4479
1009	4270
1010	4433
1011	4352
1012	4309
1013	4323
1014	4411
1015	4243
1016	4201
1017	4385
1018	4356
1019	4246
1020	4348
1021	4087
1022	4200
1023	4015
1024	4246
1025	4223
1026	4128
1027	4109
1028	4150
1029	4237
1030	3924
1031	4028
1032	3962
1033	3914
1034	3934
1035	3951
1036	4012
1037	3889
1038	3939
1039	4069
1040	3810
1041	3924
1042	3795
1043	3733
1044	3761
1045	3964
1046	3849
1047	3767
1048	3701
1049	3544
1050	3528
1051	3448
1052	3632
1053	3555
1054	3436
1055	3638
1056	3554
1057	3619
1058	3554
1059	3443
1060	3379
1061	3451
1062	3713
1063	3577
1064	3372
1065	3596
1066	3488
1067	3514
1068	3445
1069	3561
1070	3430
1071	3538
1072	3359
1073	3362
1074	3346
1075	3335
1076	3381
1077	3471
1078	3740
1079	3334
1080	3272
1081	3338
1082	3263
1083	3339
1084	3408
1085	3287
1086	3572
1087	3321
1088	3440
1089	3506
1090	3490
1091	3601
1092	3508
1093	3559
1094	3667
1095	3517
1096	3414
1097	3711
1098	3410
1099	3393
1100	3358
1101	3268
1102	3340
1103	3176
1104	3464
1105	3521
1106	3235
1107	3360
1108	3080
1109	3305
1110	3156
1111	3445
1112	3345
1113	3320
1114	3250
1115	3330
1116	3313
1117	3386
1118	3313
1119	3432
1120	3369
1121	3273
1122	3412
1123	3233
1124	3359
1125	3303
1126	3198
1127	3160
1128	3222
1129	3199
1130	3142
1131	3126
1132	3061
1133	3047
1134	3150
1135	2974
1136	3155
1137	2997
1138	3170
1139	3245
1140	3066
1141	3085
1142	3149
1143	3229
1144	3208
1145	3122
1146	3212
1147	3144
1148	3422
1149	3191
1150	3275
1151	3533
1152	3315
1153	3405
1154	3228
1155	3318
1156	3205
1157	3377
1158	3449
1159	3173
1160	3336
1161	3265
1162	3396
1163	3392
1164	3525
1165	3302
1166	3364
1167	3368
1168	3252
1169	3157
1170	3328
1171	3243
1172	3311
1173	3300
1174	3282
1175	3322
1176	3303
1177	3366
1178	3462
1179	3386
1180	3398
1181	3255
1182	3276
1183	3451
1184	3497
1185	3467
1186	3439
1187	3383
1188	3393
1189	3292
1190	3575
1191	3691
1192	3603
1193	3628
1194	3538
1195	3669
1196	3428
1197	3581
1198	3553
1199	3466
1200	3462
1201	3539
1202	3597
1203	3661
1204	3574
1205	3512
1206	3452
1207	3456
1208	3441
1209	3465
1210	3547
1211	3576
1212	3561
1213	3782
1214	3840
1215	3875
1216	3904
1217	3744
1218	3734
1219	3744
1220	3632
1221	3743
1222	3714
1223	3722
1224	3654
1225	3810
1226	3629
1227	3678
1228	3577
1229	3871
1230	3968
1231	3798
1232	3742
1233	3707
1234	3823
1235	3761
1236	3671
1237	3790
1238	3734
1239	3876
1240	3815
1241	3719
1242	3713
1243	3678
1244	3650
1245	3690
1246	3769
1247	4028
1248	3937
1249	3780
1250	4136
1251	4101
1252	3909
1253	3950
1254	3895
1255	3982
1256	3905
1257	3708
1258	3952
1259	3888
1260	3876
1261	4115
1262	3917
1263	4231
1264	4117
1265	4098
1266	3805
1267	3984
1268	3713
1269	3668
1270	3952
1271	3694
1272	3787
1273	3900
1274	3677
1275	3658
1276	3486
1277	3602
1278	3562
1279	3660
1280	3722
1281	3698
1282	3733
1283	3995
1284	3790
1285	3800
1286	3736
1287	3650
1288	3736
1289	3644
1290	3835
1291	3739
1292	3713
1293	3665
1294	3658
1295	3658
1296	3600
1297	3783
1298	3791
1299	3707
1300	3686
1301	3737
1302	3725
1303	3699
1304	3625
1305	3738
1306	3710
1307	3835
1308	3896
1309	3836
1310	3699
1311	3741
1312	3819
1313	3703
1314	3751
1315	3776
1316	3828
1317	3655
1318	3759
1319	3689
1320	3655
1321	3565
1322	3597
1323	3492
1324	3633
1325	3533
1326	3608
1327	3511
1328	3449
1329	3549
1330	3375
1331	3575
1332	3416
1333	3513
1334	3380
1335	3330
1336	3486
1337	3281
1338	3407
1339	3434
1340	3446
1341	3484
1342	3349
1343	3262
1344	3250
1345	3219
1346	3298
1347	3441
1348	3413
1349	3512
1350	3343
1351	3209
1352	3356
1353	3373
1354	3204
1355	3311
1356	3160
1357	3252
1358	3301
1359	3342
1360	3332
1361	3222
1362	3193
1363	3228
1364	3222
1365	3159
1366	3166
1367	3060
1368	3230
1369	3144
1370	3202
1371	3209
1372	3581
1373	3210
1374	3117
1375	3218
1376	3311
1377	3218
1378	3134
1379	3212
1380	3375
1381	3252
1382	3328
1383	3271
1384	3174
1385	3338
1386	3312
1387	3211
1388	3188
1389	3179
1390	3057
1391	3185
1392	3224
1393	3213
1394	3147
1395	3292
1396	3238
1397	3170
1398	3112
1399	3205
1400	2981
1401	3093
1402	3100
1403	3108
1404	2994
1405	3126
1406	3143
1407	3063
1408	3115
1409	2965
1410	3043
1411	3061
1412	3154
1413	3080
1414	3105
1415	3071
1416	3008
1417	3093
1418	3074
1419	3006
1420	2996
1421	3054
1422	3019
1423	3208
1424	3022
1425	3214
1426	3126
1427	3093
1428	3118
1429	3197
1430	3250
1431	3253
1432	3016
1433	3110
1434	3001
1435	2883
1436	3079
1437	2932
1438	2988
1439	2943
1440	2968
1441	2955
1442	2856
1443	3095
1444	3000
1445	2969
1446	2829
1447	3044
1448	2953
1449	3097
1450	3077
1451	3054
1452	3010
1453	3050
1454	3147
1455	3256
1456	3109
1457	3177
1458	3113
1459	3116
1460	3152
1461	3282
1462	3150
1463	3090
1464	3070
1465	2908
1466	3109
1467	3078
1468	3181
1469	3109
1470	2895
1471	3011
1472	2956
1473	3031
1474	3136
1475	2867
1476	2919
1477	3061
1478	2971
1479	2904
1480	3016
1481	3114
1482	3371
1483	3103
1484	2913
1485	3066
1486	2910
1487	3039
1488	3020
1489	2964
1490	3036
1491	3140
1492	3105
1493	3153
1494	3217
1495	3209
1496	3093
1497	3188
1498	2996
1499	3209
1500	3163
1501	3254
1502	3195
1503	3049
1504	3178
1505	3251
1506	3366
1507	3253
1508	3248
1509	2985
1510	3179
1511	3062
1512	3137
1513	3203
1514	3176
1515	3157
1516	3222
1517	3175
1518	3118
1519	3162
1520	3105
1521	3101
1522	3118
1523	3149
1524	3259
1525	3441
1526	3292
1527	3080
1528	2952
1529	3011
1530	2962
1531	3067
1532	2963
1533	3063
1534	2964
1535	3016
1536	3078
1537	3274
1538	3228
1539	2990
1540	3492
1541	3055
1542	2948
1543	2902
1544	3018
1545	3309
1546	3197
1547	3197
1548	3070
1549	3035
1550	3091
1551	3024
1552	3110
1553	3144
1554	3192
1555	3165
1556	3190
1557	2955
1558	3156
1559	3114
1560	3079
1561	3043
1562	3134
1563	3282
1564	3073
1565	3110
1566	3095
1567	3097
1568	3015
1569	3122
1570	3438
1571	3228
1572	3186
1573	3236
1574	3265
1575	3139
1576	3123
1577	3099
1578	3183
1579	3160
1580	3217
1581	3212
1582	3030
1583	3256
1584	3171
1585	3360
1586	3268
1587	3220
1588	3193
1589	3112
1590	3321
1591	3282
1592	3356
1593	3175
1594	3163
1595	3221
1596	3214
1597	3327
1598	3300
1599	3502
1600	3292
1601	3248
1602	3245
1603	3147
1604	3302
1605	3431
1606	3329
1607	3426
1608	3243
1609	3269
1610	3400
1611	3188
1612	3275
1613	3284
1614	3379
1615	3373
1616	3404
1617	3358
1618	3361
1619	3237
1620	3175
1621	3175
1622	3487
1623	3246
1624	3275
1625	3277
1626	3146
1627	3254
1628	3272
1629	3431
1630	3125
1631	3285
1632	3381
1633	3230
1634	3297
1635	3181
1636	3250
1637	3336
1638	3243
1639	3284
1640	3190
1641	3227
1642	3261
1643	3051
1644	3132
1645	3366
1646	3258
1647	3127
1648	3258
1649	3224
1650	3466
1651	3536
1652	3329
1653	3272
1654	3350
1655	3303
1656	3379
1657	3681
1658	3580
1659	3411
1660	3346
1661	3467
1662	3604
1663	3702
1664	3232
1665	3271
1666	3128
1667	3187
1668	3618
1669	3742
1670	3905
1671	3506
1672	3437
1673	3333
1674	3494
1675	3434
1676	3278
1677	3371
1678	3237
1679	3134
1680	3132
1681	3225
1682	3025
1683	3479
1684	3257
1685	3161
1686	3061
1687	3077
1688	3226
1689	3045
1690	3117
1691	3219
1692	3116
1693	3177
1694	3046
1695	3060
1696	3236
1697	3144
1698	3533
1699	3265
1700	3285
1701	3343
1702	3033
1703	2983
1704	2922
1705	3038
1706	3079
1707	3490

