## htsjdk.samtools.metrics.StringHeader
# picard.analysis.CollectInsertSizeMetrics HISTOGRAM_FILE=NA20772_histogram INPUT=NA20772_accepted_hits.bam OUTPUT=NA20772_metrics    DEVIATIONS=10.0 MINIMUM_PCT=0.05 METRIC_ACCUMULATION_LEVEL=[ALL_READS] ASSUME_SORTED=true STOP_AFTER=0 VERBOSITY=INFO QUIET=false VALIDATION_STRINGENCY=STRICT COMPRESSION_LEVEL=5 MAX_RECORDS_IN_RAM=500000 CREATE_INDEX=false CREATE_MD5_FILE=false
## htsjdk.samtools.metrics.StringHeader
# Started on: Thu Oct 02 01:09:14 EDT 2014

## METRICS CLASS	picard.analysis.InsertSizeMetrics
MEDIAN_INSERT_SIZE	MEDIAN_ABSOLUTE_DEVIATION	MIN_INSERT_SIZE	MAX_INSERT_SIZE	MEAN_INSERT_SIZE	STANDARD_DEVIATION	READ_PAIRS	PAIR_ORIENTATION	WIDTH_OF_10_PERCENT	WIDTH_OF_20_PERCENT	WIDTH_OF_30_PERCENT	WIDTH_OF_40_PERCENT	WIDTH_OF_50_PERCENT	WIDTH_OF_60_PERCENT	WIDTH_OF_70_PERCENT	WIDTH_OF_80_PERCENT	WIDTH_OF_90_PERCENT	WIDTH_OF_99_PERCENT	SAMPLE	LIBRARY	READ_GROUP
233	114	74	243083220	317.77796	296.077153	29114522	FR	71	127	167	199	229	295	1033	2491	5827	39539			

## HISTOGRAM	java.lang.Integer
insert_size	All_Reads.fr_count
74	3
75	1242
76	3646
77	3731
78	3548
79	3978
80	4678
81	5551
82	6391
83	7521
84	8284
85	9221
86	10113
87	11347
88	12875
89	14848
90	16920
91	20085
92	23397
93	26633
94	30573
95	32965
96	35850
97	38682
98	42445
99	47100
100	52464
101	58807
102	65817
103	73782
104	81415
105	85710
106	89812
107	93338
108	98596
109	105469
110	110309
111	119126
112	126273
113	135361
114	143090
115	149780
116	152269
117	153083
118	155194
119	156802
120	159815
121	166158
122	171091
123	176902
124	183144
125	185536
126	186161
127	182841
128	183201
129	180410
130	177727
131	178659
132	181389
133	184976
134	187470
135	188816
136	187016
137	180753
138	177197
139	173306
140	167948
141	166425
142	166795
143	167808
144	168429
145	168917
146	167295
147	162706
148	158681
149	154297
150	148315
151	145775
152	143645
153	144581
154	142663
155	141857
156	140138
157	137155
158	133087
159	128978
160	125462
161	121840
162	119867
163	118025
164	117480
165	117409
166	115912
167	112372
168	109632
169	105657
170	102105
171	99985
172	98569
173	96747
174	96446
175	95024
176	94250
177	92697
178	91315
179	88683
180	86188
181	83319
182	81631
183	80650
184	78651
185	78405
186	77580
187	77094
188	75639
189	73739
190	71754
191	69791
192	68424
193	67287
194	66233
195	65603
196	66347
197	64654
198	64657
199	62577
200	62100
201	60320
202	58817
203	57604
204	56996
205	56907
206	57272
207	57040
208	55147
209	54640
210	54102
211	53156
212	53373
213	51829
214	51543
215	50405
216	50858
217	50998
218	50031
219	49743
220	48869
221	47441
222	46170
223	45873
224	45709
225	44537
226	44544
227	44688
228	43829
229	43512
230	43790
231	42120
232	41718
233	40323
234	39753
235	40331
236	39503
237	39395
238	39579
239	38145
240	36854
241	36661
242	36419
243	34765
244	34112
245	35193
246	34138
247	33499
248	34356
249	33237
250	32911
251	33011
252	31812
253	31400
254	30961
255	30002
256	29171
257	30068
258	29950
259	29866
260	28406
261	27803
262	27520
263	27312
264	27276
265	26475
266	26065
267	25595
268	25971
269	26498
270	25950
271	25627
272	24767
273	24406
274	23924
275	22809
276	22470
277	22120
278	22475
279	21906
280	22147
281	21648
282	21561
283	20522
284	21030
285	20616
286	20065
287	20550
288	20372
289	19365
290	19309
291	19550
292	19608
293	19211
294	18786
295	18758
296	18121
297	18442
298	17943
299	18233
300	17766
301	17437
302	17679
303	17193
304	17446
305	17036
306	17178
307	16884
308	17195
309	16928
310	16867
311	17018
312	16599
313	16406
314	16344
315	16139
316	16025
317	15788
318	15745
319	16370
320	15893
321	16006
322	15642
323	15694
324	15394
325	15452
326	15002
327	15110
328	15255
329	15454
330	15459
331	15448
332	14861
333	14395
334	14764
335	14289
336	14662
337	14464
338	14388
339	14351
340	14259
341	14613
342	14525
343	14511
344	14126
345	13739
346	14514
347	14132
348	13532
349	13888
350	13729
351	13929
352	13323
353	13529
354	13059
355	13135
356	12951
357	13258
358	13217
359	12680
360	12730
361	12494
362	12965
363	12426
364	12883
365	12549
366	12973
367	12436
368	12520
369	11955
370	12490
371	12036
372	12049
373	11828
374	11944
375	12136
376	11864
377	11848
378	11826
379	11410
380	11711
381	11797
382	11420
383	11186
384	11601
385	11775
386	11635
387	11638
388	11286
389	10932
390	11515
391	11734
392	11891
393	11308
394	10956
395	10735
396	10906
397	11208
398	11144
399	11230
400	11082
401	11312
402	11108
403	10768
404	11255
405	10944
406	10819
407	10434
408	10584
409	10427
410	10375
411	10533
412	10148
413	10010
414	9873
415	10086
416	9696
417	10020
418	9981
419	9452
420	9413
421	9640
422	9491
423	9790
424	9456
425	9708
426	9473
427	9188
428	9102
429	9072
430	9137
431	9308
432	9301
433	9169
434	9332
435	8921
436	9292
437	9120
438	9339
439	8900
440	8885
441	9182
442	8935
443	8917
444	8873
445	8646
446	8702
447	8650
448	9142
449	8512
450	8515
451	8383
452	8585
453	8439
454	8524
455	8219
456	8293
457	8187
458	8237
459	8074
460	7914
461	8032
462	7879
463	7904
464	8068
465	7801
466	7905
467	7704
468	7525
469	7602
470	7940
471	8045
472	7599
473	7334
474	7537
475	7474
476	7366
477	7347
478	7012
479	7459
480	7414
481	7495
482	7567
483	7218
484	7458
485	7340
486	7116
487	7189
488	7152
489	7376
490	7515
491	7386
492	7547
493	7446
494	7492
495	7629
496	7623
497	7682
498	7797
499	7790
500	7768
501	7549
502	7856
503	8034
504	7873
505	7812
506	7968
507	8463
508	8695
509	8035
510	8055
511	7961
512	7891
513	8077
514	7945
515	8054
516	7970
517	8212
518	8245
519	8135
520	8223
521	8171
522	8471
523	8519
524	8512
525	8022
526	8254
527	8130
528	8392
529	8368
530	8361
531	8353
532	7906
533	8354
534	8473
535	9015
536	8706
537	8313
538	8185
539	8280
540	8230
541	8226
542	8588
543	8146
544	8223
545	8261
546	8072
547	7922
548	7772
549	7869
550	7633
551	7603
552	8273
553	7769
554	7878
555	7764
556	7430
557	7555
558	7766
559	7289
560	6965
561	7274
562	7062
563	7570
564	7041
565	7462
566	7335
567	7127
568	7350
569	7094
570	7149
571	7224
572	7139
573	7198
574	7241
575	7211
576	7315
577	7242
578	7065
579	7156
580	6722
581	7400
582	7099
583	6916
584	7038
585	7257
586	7136
587	7278
588	7169
589	7345
590	6941
591	7270
592	7177
593	7716
594	7204
595	7241
596	7321
597	7589
598	7008
599	6919
600	6966
601	6894
602	7016
603	7174
604	7125
605	6939
606	6577
607	6924
608	6820
609	6798
610	6813
611	7317
612	7056
613	7077
614	6757
615	6698
616	7110
617	6911
618	7252
619	7119
620	6868
621	6946
622	7098
623	7164
624	7037
625	7038
626	7226
627	7209
628	7453
629	7154
630	6910
631	6841
632	7381
633	7002
634	6893
635	6839
636	6889
637	6839
638	6938
639	6972
640	6733
641	6909
642	7083
643	7460
644	7263
645	6705
646	6795
647	6798
648	6721
649	6946
650	6856
651	6442
652	6356
653	6806
654	6849
655	6755
656	6779
657	6582
658	6582
659	6409
660	6688
661	6568
662	6427
663	6355
664	6443
665	6628
666	6561
667	6596
668	6592
669	6727
670	6787
671	6806
672	6706
673	6719
674	6636
675	6739
676	7088
677	7047
678	6665
679	7019
680	6652
681	6819
682	6690
683	6825
684	7013
685	7360
686	6634
687	6561
688	6902
689	6543
690	6795
691	6634
692	6578
693	6484
694	6549
695	6504
696	6890
697	6381
698	6683
699	6098
700	6573
701	6800
702	6354
703	6650
704	6648
705	6866
706	6787
707	6423
708	6287
709	6102
710	6118
711	6325
712	6335
713	6532
714	6087
715	6145
716	5895
717	5768
718	6270
719	6043
720	5761
721	5750
722	5887
723	5856
724	6004
725	5857
726	5826
727	5796
728	5765
729	5811
730	6066
731	6059
732	6064
733	6111
734	6104
735	5744
736	5873
737	5926
738	5800
739	5670
740	5768
741	5835
742	6043
743	5861
744	5965
745	5876
746	5854
747	5721
748	5746
749	5963
750	6369
751	6485
752	6165
753	5945
754	5988
755	5923
756	5883
757	5956
758	5768
759	6085
760	5968
761	5934
762	5910
763	5867
764	5913
765	5972
766	5899
767	5761
768	5766
769	5512
770	5587
771	5791
772	5665
773	5830
774	5815
775	5793
776	5598
777	5572
778	5464
779	5474
780	5521
781	5368
782	5475
783	5771
784	5912
785	5687
786	5427
787	5522
788	5337
789	5550
790	5462
791	5756
792	5872
793	5529
794	5481
795	5496
796	5524
797	5709
798	5758
799	5203
800	5136
801	5548
802	5680
803	5418
804	5452
805	5338
806	5311
807	5549
808	5385
809	5079
810	4826
811	5171
812	4967
813	4960
814	4969
815	4790
816	5122
817	4824
818	4865
819	4935
820	5053
821	5032
822	4813
823	5048
824	4836
825	4791
826	4878
827	4821
828	5172
829	4769
830	4874
831	4712
832	5002
833	4879
834	4753
835	4736
836	4795
837	4907
838	4638
839	4474
840	4772
841	4696
842	4693
843	4744
844	4521
845	4901
846	4931
847	4623
848	5183
849	4664
850	4696
851	4886
852	4880
853	5019
854	4645
855	4890
856	4650
857	4851
858	4803
859	4698
860	4621
861	4716
862	5005
863	4896
864	4993
865	4686
866	4585
867	4731
868	4713
869	4657
870	4603
871	4882
872	4539
873	4786
874	4810
875	4739
876	5128
877	4666
878	4770
879	4560
880	4587
881	4793
882	5014
883	5069
884	5006
885	4893
886	4621
887	4838
888	4760
889	4885
890	4772
891	4985
892	4827
893	5039
894	4961
895	5020
896	4796
897	5241
898	5336
899	4700
900	5163
901	4889
902	5171
903	4981
904	4865
905	5267
906	5114
907	5322
908	5140
909	5002
910	4912
911	4716
912	4859
913	5078
914	4785
915	4680
916	4897
917	4808
918	4881
919	5314
920	5119
921	5039
922	5004
923	4961
924	5138
925	5102
926	5217
927	5466
928	5558
929	5799
930	5449
931	5356
932	5059
933	5139
934	5199
935	5419
936	5033
937	4907
938	4966
939	5018
940	5029
941	5028
942	4818
943	4708
944	4810
945	5110
946	5004
947	4826
948	4780
949	5208
950	5082
951	5005
952	5332
953	5234
954	4901
955	4992
956	4993
957	4642
958	4633
959	4825
960	4884
961	4889
962	4922
963	4959
964	4723
965	4845
966	4600
967	4660
968	4606
969	4467
970	4587
971	4355
972	4591
973	4574
974	4810
975	4638
976	4446
977	4273
978	4085
979	4232
980	4500
981	4532
982	4261
983	4362
984	4441
985	4415
986	4545
987	4500
988	4315
989	4568
990	4618
991	4028
992	4317
993	4210
994	4400
995	4023
996	4161
997	4058
998	3899
999	3908
1000	4129
1001	3840
1002	3891
1003	3950
1004	3742
1005	3833
1006	3733
1007	4014
1008	3850
1009	3787
1010	3810
1011	3891
1012	3784
1013	3829
1014	3991
1015	3757
1016	3709
1017	3827
1018	4030
1019	3636
1020	3736
1021	3785
1022	3810
1023	3619
1024	4009
1025	3699
1026	3718
1027	3693
1028	3769
1029	3777
1030	3559
1031	3706
1032	3650
1033	3533
1034	3402
1035	3410
1036	3544
1037	3363
1038	3585
1039	3831
1040	3642
1041	3468
1042	3269
1043	3365
1044	3337
1045	3507
1046	3426
1047	3393
1048	3410
1049	3265
1050	3367
1051	3327
1052	3451
1053	3208
1054	3296
1055	3483
1056	3295
1057	3496
1058	3236
1059	3103
1060	3338
1061	3259
1062	3454
1063	3298
1064	3093
1065	3458
1066	3257
1067	3209
1068	3176
1069	3571
1070	3444
1071	3417
1072	3259
1073	3358
1074	3217
1075	3230
1076	3309
1077	3351
1078	3622
1079	3240
1080	3112
1081	3104
1082	3124
1083	3185
1084	3382
1085	3122
1086	3515
1087	3335
1088	3536
1089	3278
1090	3272
1091	3555
1092	3538
1093	3843
1094	3593
1095	3349
1096	3472
1097	3518
1098	3206
1099	3367
1100	3248
1101	3223
1102	3533
1103	3147
1104	3366
1105	3236
1106	3123
1107	3330
1108	3236
1109	3324
1110	3384
1111	3322
1112	3416
1113	3481
1114	3263
1115	3328
1116	3441
1117	3350
1118	3487
1119	3360
1120	3574
1121	3359
1122	3446
1123	3342
1124	3489
1125	3452
1126	3774
1127	3545
1128	3713
1129	3300
1130	3261
1131	3353
1132	3339
1133	3433
1134	3353
1135	3295
1136	3554
1137	3288
1138	3212
1139	3348
1140	3269
1141	3501
1142	3476
1143	3429
1144	3461
1145	3335
1146	3577
1147	3404
1148	3552
1149	3572
1150	3611
1151	3707
1152	3616
1153	3423
1154	3423
1155	3379
1156	3470
1157	3555
1158	3637
1159	3479
1160	3344
1161	3209
1162	3515
1163	3465
1164	3406
1165	3383
1166	3300
1167	3250
1168	3271
1169	3217
1170	3407
1171	3215
1172	3328
1173	3424
1174	3238
1175	3244
1176	3381
1177	3656
1178	3495
1179	3348
1180	3358
1181	3198
1182	3380
1183	3526
1184	3465
1185	3587
1186	3331
1187	3361
1188	3647
1189	3568
1190	3834
1191	3717
1192	3579
1193	3712
1194	3620
1195	3900
1196	3653
1197	3904
1198	3814
1199	3890
1200	4013
1201	3920
1202	4308
1203	4148
1204	4113
1205	4030
1206	4225
1207	4269
1208	4157
1209	4009
1210	4102
1211	3993
1212	4686
1213	4877
1214	4853
1215	4971
1216	4677
1217	4776
1218	4604
1219	4357
1220	4077
1221	4040
1222	3983
1223	3920
1224	4000
1225	4099
1226	3970
1227	3953
1228	4166
1229	4187
1230	4406
1231	4306
1232	4324
1233	4034
1234	4182
1235	4222
1236	4137
1237	4034
1238	3793
1239	4514
1240	4093
1241	4067
1242	4148
1243	4117
1244	3773
1245	3921
1246	4131
1247	4413
1248	4402
1249	4066
1250	4205
1251	4460
1252	4212
1253	4075
1254	4043
1255	4164
1256	4022
1257	3665
1258	3986
1259	3732
1260	3747
1261	3752
1262	3911
1263	4083
1264	3919
1265	3763
1266	3549
1267	3636
1268	3553
1269	3427
1270	3592
1271	3345
1272	3428
1273	3391
1274	3280
1275	3269
1276	3244
1277	3277
1278	3238
1279	3464
1280	3288
1281	3084
1282	3248
1283	3513
1284	3448
1285	3541
1286	3316
1287	3313
1288	3368
1289	3270
1290	3490
1291	3369
1292	3324
1293	3335
1294	3338
1295	3323
1296	3401
1297	3398
1298	3569
1299	3399
1300	3587
1301	3474
1302	3375
1303	3409
1304	3348
1305	3503
1306	3679
1307	3514
1308	3393
1309	3581
1310	3388
1311	3266
1312	3382
1313	3475
1314	3367
1315	3524
1316	3365
1317	3300
1318	3323
1319	3344
1320	3361
1321	3262
1322	3298
1323	3082
1324	3233
1325	3168
1326	3265
1327	3283
1328	3153
1329	3195
1330	3098
1331	3128
1332	3044
1333	3146
1334	3078
1335	2992
1336	3150
1337	3190
1338	3158
1339	3234
1340	3041
1341	3123
1342	3170
1343	3164
1344	3144
1345	3044
1346	3137
1347	3178
1348	3243
1349	3450
1350	3350
1351	3190
1352	3228
1353	3178
1354	3287
1355	3323
1356	3182
1357	3371
1358	3132
1359	3301
1360	3407
1361	3178
1362	3165
1363	3335
1364	3124
1365	3017
1366	3356
1367	3155
1368	3057
1369	3302
1370	3276
1371	3222
1372	3591
1373	3241

