errmodel	readA	readT	readG	readC	readN	pos
refA	1.0	0.0	0.0	0.0	0.0	0
refT	0.0	1.0	0.0	0.0	0.0	0
refG	0.0	0.0	1.0	0.0	0.0	0
refC	0.0	0.0	0.0	1.0	0.0	0
refN	0.0	0.0	0.0	0.0	1.0	0
refA	1.0	0.0	0.0	0.0	0.0	1
refT	0.0	1.0	0.0	0.0	0.0	1
refG	0.0	0.0	1.0	0.0	0.0	1
refC	0.0	0.0	0.0	1.0	0.0	1
refN	0.0	0.0	0.0	0.0	1.0	1
refA	0.999549414239	0.0	0.000300255216934	0.000150127608467	0.0	2
refT	0.0	0.999902572097	0.0	9.74184120799e-05	0.0	2
refG	0.0	0.000125203455615	0.999874780867	0.0	0.0	2
refC	0.0	0.0	0.000353669319187	0.999646205555	0.0	2
refN	0.0	0.0	0.0	0.0	1.0	2
refA	1.0	0.0	0.0	0.0	0.0	3
refT	0.0	0.999898229188	0.000101760455887	0.0	0.0	3
refG	0.0	0.0	1.0	0.0	0.0	3
refC	0.0	0.0	0.0	1.0	0.0	3
refN	0.0	0.0	0.0	0.0	1.0	3
refA	1.0	0.0	0.0	0.0	0.0	4
refT	0.000110926234054	0.99988906146	0.0	0.0	0.0	4
refG	0.0	0.0	1.0	0.0	0.0	4
refC	0.0	0.0	0.0	1.0	0.0	4
refN	0.0	0.0	0.0	0.0	1.0	4
refA	1.0	0.0	0.0	0.0	0.0	5
refT	0.0	1.0	0.0	0.0	0.0	5
refG	0.0	0.0	1.0	0.0	0.0	5
refC	0.0	0.000257334019557	0.0	0.999742599743	0.0	5
refN	0.0	0.0	0.0	0.0	1.0	5
refA	1.0	0.0	0.0	0.0	0.0	6
refT	0.0	1.0	0.0	0.0	0.0	6
refG	0.0	0.0	1.0	0.0	0.0	6
refC	0.0	0.000128238009746	0.0	0.999871745543	0.0	6
refN	0.0	0.0	0.0	0.0	1.0	6
refA	1.0	0.0	0.0	0.0	0.0	7
refT	0.0	1.0	0.0	0.0	0.0	7
refG	0.000114246544042	0.0	0.999885740402	0.0	0.0	7
refC	0.0	0.000138811771238	0.0	0.999861168957	0.0	7
refN	0.0	0.0	0.0	0.0	1.0	7
refA	1.0	0.0	0.0	0.0	0.0	8
refT	0.0	0.999898104748	0.0	0.000101884870097	0.0	8
refG	0.0	0.0	1.0	0.0	0.0	8
refC	0.000230760355371	0.000230760355371	0.000115380177685	0.999422766105	0.0	8
refN	0.0	0.0	0.0	0.0	1.0	8
refA	1.0	0.0	0.0	0.0	0.0	9
refT	0.0	0.999886337804	0.0	0.000113649278327	0.0	9
refG	0.0	0.000121684108055	0.999878301083	0.0	0.0	9
refC	0.0	0.0	0.0	1.0	0.0	9
refN	0.0	0.0	0.0	0.0	1.0	9
refA	1.0	0.0	0.0	0.0	0.0	10
refT	0.0	1.0	0.0	0.0	0.0	10
refG	0.0	0.0	1.0	0.0	0.0	10
refC	0.0	0.0	0.0	1.0	0.0	10
refN	0.0	0.0	0.0	0.0	1.0	10
refA	0.999866274405	0.0	0.0	0.000133707714935	0.0	11
refT	0.0	0.999878626047	0.0	0.000121359223301	0.0	11
refG	0.0	0.0	0.999884499884	0.0	0.000115486776764	11
refC	0.0	0.000119976004799	0.000119976004799	0.9997599904	0.0	11
refN	0.0	0.0	0.0	0.0	1.0	11
refA	1.0	0.0	0.0	0.0	0.0	12
refT	0.000127226463104	0.999745482311	0.0	0.000127226463104	0.0	12
refG	0.0	0.0	1.0	0.0	0.0	12
refC	0.0	0.000112637981527	0.0	0.99988734933	0.0	12
refN	0.0	0.0	0.0	0.0	1.0	12
refA	1.0	0.0	0.0	0.0	0.0	13
refT	0.000123502531802	0.99975293391	0.0	0.000123502531802	0.0	13
refG	0.0	0.0	1.0	0.0	0.0	13
refC	0.0	0.000118091639112	0.000118091639112	0.999763760926	0.0	13
refN	0.0	0.0	0.0	0.0	1.0	13
refA	1.0	0.0	0.0	0.0	0.0	14
refT	0.0	0.999879445449	0.0	0.000120540019286	0.0	14
refG	0.0	0.000121006776379	0.999878978579	0.0	0.0	14
refC	0.0	0.0	0.0	1.0	0.0	14
refN	0.0	0.0	0.0	0.0	1.0	14
refA	1.0	0.0	0.0	0.0	0.0	15
refT	0.0	1.0	0.0	0.0	0.0	15
refG	0.0	0.0	1.0	0.0	0.0	15
refC	0.0	0.0	0.0	1.0	0.0	15
refN	0.0	0.0	0.0	0.0	1.0	15
refA	1.0	0.0	0.0	0.0	0.0	16
refT	0.0	1.0	0.0	0.0	0.0	16
refG	0.0	0.000114968958381	0.999885017822	0.0	0.0	16
refC	0.0	0.000244051250763	0.0	0.999755889174	0.0	16
refN	0.0	0.0	0.0	0.0	1.0	16
refA	0.999476234123	0.0	0.000392618767177	0.000130872922392	0.0	17
refT	0.0	0.999871299871	0.000128683567108	0.0	0.0	17
refG	0.0	0.000117827265229	0.99988215885	0.0	0.0	17
refC	0.0	0.000115834588208	0.0	0.999884151993	0.0	17
refN	0.0	0.0	0.0	0.0	1.0	17
refA	1.0	0.0	0.0	0.0	0.0	18
refT	0.0	0.999879358186	0.0	0.000120627261761	0.0	18
refG	0.0	0.00012156576708	0.999878419453	0.0	0.0	18
refC	0.0	0.0	0.000232585184324	0.999767360707	0.0	18
refN	0.0	0.0	0.0	0.0	1.0	18
refA	1.0	0.0	0.0	0.0	0.0	19
refT	0.0	0.999747983871	0.0	0.000251952632905	0.0	19
refG	0.0	0.0	1.0	0.0	0.0	19
refC	0.0	0.0	0.0	1.0	0.0	19
refN	0.0	0.0	0.0	0.0	1.0	19
refA	1.0	0.0	0.0	0.0	0.0	20
refT	0.0	1.0	0.0	0.0	0.0	20
refG	0.0	0.000118035882908	0.999645766915	0.000236071765817	0.0	20
refC	0.0	0.0	0.0	1.0	0.0	20
refN	0.0	0.0	0.0	0.0	1.0	20
refA	1.0	0.0	0.0	0.0	0.0	21
refT	0.0002523977789	0.9997475385	0.0	0.0	0.0	21
refG	0.0	0.0	1.0	0.0	0.0	21
refC	0.0	0.0	0.000224668613795	0.999775280899	0.0	21
refN	0.0	0.0	0.0	0.0	1.0	21
refA	0.999861954721	0.0	0.000138026224983	0.0	0.0	22
refT	0.0	1.0	0.0	0.0	0.0	22
refG	0.0	0.0	1.0	0.0	0.0	22
refC	0.0	0.000118877793628	0.0	0.999881108073	0.0	22
refN	0.0	0.0	0.0	0.0	1.0	22
refA	0.999872204473	0.0	0.0	0.000127779197547	0.0	23
refT	0.0	0.999877884968	0.0	0.0001221001221	0.0	23
refG	0.0	0.000245941957698	0.99975399754	0.0	0.0	23
refC	0.0	0.0	0.0	1.0	0.0	23
refN	0.0	0.0	0.0	0.0	1.0	23
refA	0.999865645573	0.0	0.0	0.000134336378291	0.0	24
refT	0.0	0.999262536873	0.0	0.000736919675755	0.0	24
refG	0.0	0.0	0.999881950183	0.000118035882908	0.0	24
refC	0.000116171003717	0.0	0.000116171003717	0.999651365485	0.000116171003717	24
refN	0.0	0.0	0.0	0.0	1.0	24
refA	1.0	0.0	0.0	0.0	0.0	25
refT	0.0	1.0	0.0	0.0	0.0	25
refG	0.000113908189999	0.0	0.999772131708	0.000113908189999	0.0	25
refC	0.0	0.0	0.000119860961285	0.99988012467	0.0	25
refN	0.0	0.0	0.0	0.0	1.0	25
refA	1.0	0.0	0.0	0.0	0.0	26
refT	0.0	1.0	0.0	0.0	0.0	26
refG	0.0	0.0	1.0	0.0	0.0	26
refC	0.0	0.0	0.000115180833909	0.999884805898	0.0	26
refN	0.0	0.0	0.0	0.0	1.0	26
refA	0.999867619804	0.0	0.000132362673726	0.0	0.0	27
refT	0.0	0.999748743719	0.0	0.000251193167546	0.0	27
refG	0.0	0.0	1.0	0.0	0.0	27
refC	0.0	0.0	0.0	1.0	0.0	27
refN	0.0	0.0	0.0	0.0	1.0	27
refA	1.0	0.0	0.0	0.0	0.0	28
refT	0.0	0.999753147371	0.000123395853899	0.000123395853899	0.0	28
refG	0.0	0.0	1.0	0.0	0.0	28
refC	0.0	0.000118147448015	0.0	0.999881838592	0.0	28
refN	0.0	0.0	0.0	0.0	1.0	28
refA	1.0	0.0	0.0	0.0	0.0	29
refT	0.0	1.0	0.0	0.0	0.0	29
refG	0.0	0.0	0.999882766706	0.000117219552221	0.0	29
refC	0.0	0.000124069478908	0.0	0.999875915126	0.0	29
refN	0.0	0.0	0.0	0.0	1.0	29
refA	1.0	0.0	0.0	0.0	0.0	30
refT	0.0	1.0	0.0	0.0	0.0	30
refG	0.0	0.0	1.0	0.0	0.0	30
refC	0.000118990956687	0.0	0.000237981913375	0.999642899655	0.0	30
refN	0.0	0.0	0.0	0.0	1.0	30
refA	0.999749561733	0.0	0.000125187781673	0.000125187781673	0.0	31
refT	0.0	1.0	0.0	0.0	0.0	31
refG	0.0	0.0	1.0	0.0	0.0	31
refC	0.0	0.000711574952562	0.0	0.999287918348	0.0	31
refN	0.0	0.0	0.0	0.0	1.0	31
refA	1.0	0.0	0.0	0.0	0.0	32
refT	0.0	0.999880682496	0.00011930326891	0.0	0.0	32
refG	0.000122339124052	0.000122339124052	0.99975526187	0.0	0.0	32
refC	0.0	0.0	0.0	1.0	0.0	32
refN	0.0	0.0	0.0	0.0	1.0	32
refA	1.0	0.0	0.0	0.0	0.0	33
refT	0.0	1.0	0.0	0.0	0.0	33
refG	0.0	0.0	1.0	0.0	0.0	33
refC	0.0	0.000115633672525	0.0	0.999884352955	0.0	33
refN	0.0	0.0	0.0	0.0	1.0	33
refA	0.999618611747	0.0	0.000381242851697	0.0	0.0	34
refT	0.0	1.0	0.0	0.0	0.0	34
refG	0.0	0.000117605550982	0.999882380616	0.0	0.0	34
refC	0.0	0.0	0.0	1.0	0.0	34
refN	0.0	0.0	0.0	0.0	1.0	34
refA	1.0	0.0	0.0	0.0	0.0	35
refT	0.0	0.999364756702	0.0	0.000634840020315	0.0	35
refG	0.000239607044447	0.000119803522224	0.999520556155	0.000119803522224	0.0	35
refC	0.0	0.00011641443539	0.0	0.999883572011	0.0	35
refN	0.0	0.0	0.0	0.0	1.0	35
refA	1.0	0.0	0.0	0.0	0.0	36
refT	0.000125	0.999624859322	0.0	0.00025	0.0	36
refG	0.0	0.0	1.0	0.0	0.0	36
refC	0.0	0.0	0.0	1.0	0.0	36
refN	0.0	0.0	0.0	0.0	1.0	36
refA	1.0	0.0	0.0	0.0	0.0	37
refT	0.0	1.0	0.0	0.0	0.0	37
refG	0.0	0.0	1.0	0.0	0.0	37
refC	0.0	0.0	0.0	1.0	0.0	37
refN	0.0	0.0	0.0	0.0	1.0	37
refA	0.999746450304	0.0	0.0	0.000253485424588	0.0	38
refT	0.0	1.0	0.0	0.0	0.0	38
refG	0.0	0.0	1.0	0.0	0.0	38
refC	0.000117109731819	0.0	0.000117109731819	0.999765725665	0.0	38
refN	0.0	0.0	0.0	0.0	1.0	38
refA	0.999737567248	0.000131181949364	0.0	0.000131181949364	0.0	39
refT	0.0	1.0	0.0	0.0	0.0	39
refG	0.0	0.0	1.0	0.0	0.0	39
refC	0.000116441546344	0.0	0.0	0.999883544893	0.0	39
refN	0.0	0.0	0.0	0.0	1.0	39
refA	0.999868438363	0.0	0.0	0.000131544330439	0.0	40
refT	0.0	0.999866292285	0.0	0.000133689839572	0.0	40
refG	0.0	0.0	0.999883950331	0.000116036203295	0.0	40
refC	0.000113856313333	0.0	0.0	0.999886130722	0.0	40
refN	0.0	0.0	0.0	0.0	1.0	40
refA	0.9998701973	0.0	0.0	0.000129785853342	0.0	41
refT	0.0	1.0	0.0	0.0	0.0	41
refG	0.0	0.0	1.0	0.0	0.0	41
refC	0.0	0.000362231345086	0.00024148756339	0.999395916395	0.0	41
refN	0.0	0.0	0.0	0.0	1.0	41
refA	0.999875714641	0.0	0.0	0.0	0.000124269914254	42
refT	0.0	0.999225806452	0.0	0.000773594636411	0.0	42
refG	0.000234934805591	0.0	0.999765009987	0.0	0.0	42
refC	0.0	0.000118722545411	0.0	0.999881263358	0.0	42
refN	0.0	0.0	0.0	0.0	1.0	42
refA	0.999749937484	0.0	0.00025	0.0	0.0	43
refT	0.0	1.0	0.0	0.0	0.0	43
refG	0.0	0.0	1.0	0.0	0.0	43
refC	0.0	0.0	0.000119431506031	0.999880554228	0.0	43
refN	0.0	0.0	0.0	0.0	1.0	43
refA	1.0	0.0	0.0	0.0	0.0	44
refT	0.0	1.0	0.0	0.0	0.0	44
refG	0.0	0.0	1.0	0.0	0.0	44
refC	0.0	0.0	0.0	1.0	0.0	44
refN	0.0	0.0	0.0	0.0	1.0	44
refA	0.999739583333	0.0	0.0	0.000130174433741	0.000130174433741	45
refT	0.0	0.999510882856	0.000244439012466	0.000244439012466	0.0	45
refG	0.00012396181976	0.0	0.999752014879	0.00012396181976	0.0	45
refC	0.0	0.0	0.000233045910044	0.999766899767	0.0	45
refN	0.0	0.0	0.0	0.0	1.0	45
refA	1.0	0.0	0.0	0.0	0.0	46
refT	0.0	1.0	0.0	0.0	0.0	46
refG	0.0	0.0	0.999883409117	0.000116577290744	0.0	46
refC	0.0	0.0	0.000124781632144	0.999875202795	0.0	46
refN	0.0	0.0	0.0	0.0	1.0	46
refA	1.0	0.0	0.0	0.0	0.0	47
refT	0.0	1.0	0.0	0.0	0.0	47
refG	0.0	0.0	1.0	0.0	0.0	47
refC	0.0	0.0	0.000118203309693	0.999881782717	0.0	47
refN	0.0	0.0	0.0	0.0	1.0	47
refA	1.0	0.0	0.0	0.0	0.0	48
refT	0.000122729504173	0.999754480727	0.0	0.000122729504173	0.0	48
refG	0.0	0.0	1.0	0.0	0.0	48
refC	0.0	0.0	0.0	1.0	0.0	48
refN	0.0	0.0	0.0	0.0	1.0	48
refA	0.999875529002	0.0	0.000124455507156	0.0	0.0	49
refT	0.0	0.999389051808	0.0	0.000610575161802	0.0	49
refG	0.0	0.0	1.0	0.0	0.0	49
refC	0.0	0.000123609394314	0.0	0.999876375325	0.0	49
refN	0.0	0.0	0.0	0.0	1.0	49
refA	0.999873417722	0.0	0.0	0.0	0.000126566257436	50
refT	0.0	1.0	0.0	0.0	0.0	50
refG	0.0	0.000119602918311	0.999880382775	0.0	0.0	50
refC	0.0	0.0	0.0	1.0	0.0	50
refN	0.0	0.0	0.0	0.0	1.0	50
refA	1.0	0.0	0.0	0.0	0.0	51
refT	0.0	1.0	0.0	0.0	0.0	51
refG	0.000121550990641	0.0	0.999878434233	0.0	0.0	51
refC	0.0	0.0	0.000116754232341	0.999883232135	0.0	51
refN	0.0	0.0	0.0	0.0	1.0	51
refA	0.999873481781	0.0	0.0	0.000126502213789	0.0	52
refT	0.0	0.999741234312	0.000129349372656	0.000129349372656	0.0	52
refG	0.0	0.0	0.999878626047	0.000121359223301	0.0	52
refC	0.0	0.0	0.000115260488704	0.999884726225	0.0	52
refN	0.0	0.0	0.0	0.0	1.0	52
refA	1.0	0.0	0.0	0.0	0.0	53
refT	0.0	0.99900062461	0.0	0.000998377636341	0.0	53
refG	0.0	0.0	1.0	0.0	0.0	53
refC	0.0	0.000120525491141	0.0	0.999879459981	0.0	53
refN	0.0	0.0	0.0	0.0	1.0	53
refA	0.99987192623	0.0	0.0	0.000128057369702	0.0	54
refT	0.000121802679659	0.999878182483	0.0	0.0	0.0	54
refG	0.0	0.0	1.0	0.0	0.0	54
refC	0.000120019203072	0.000120019203072	0.0	0.999759903962	0.0	54
refN	0.0	0.0	0.0	0.0	1.0	54
refA	0.99974206861	0.0	0.0	0.000128932439402	0.000128932439402	55
refT	0.0	0.999868835257	0.0	0.000131147540984	0.0	55
refG	0.0	0.000120510966498	0.999879474509	0.0	0.0	55
refC	0.0	0.0	0.0	1.0	0.0	55
refN	0.0	0.0	0.0	0.0	1.0	55
refA	0.999865464819	0.00013451708367	0.0	0.0	0.0	56
refT	0.0	1.0	0.0	0.0	0.0	56
refG	0.0	0.000117577895356	0.999882408278	0.0	0.0	56
refC	0.000238237045861	0.0	0.0	0.999761706184	0.0	56
refN	0.0	0.0	0.0	0.0	1.0	56
refA	0.999869092813	0.0	0.0	0.000130890052356	0.0	57
refT	0.0	0.999607586658	0.000392259414226	0.0	0.0	57
refG	0.0	0.0	1.0	0.0	0.0	57
refC	0.0	0.000116877045348	0.0	0.999883109293	0.0	57
refN	0.0	0.0	0.0	0.0	1.0	57
refA	0.999868490268	0.0	0.0	0.000131492439185	0.0	58
refT	0.000126839167935	0.999873144742	0.0	0.0	0.0	58
refG	0.0	0.000236714404071	0.999644802273	0.0	0.000118357202036	58
refC	0.000116400884647	0.0	0.0	0.999883585565	0.0	58
refN	0.0	0.0	0.0	0.0	1.0	58
refA	0.999739209806	0.0	0.0	0.000260722200495	0.0	59
refT	0.0	0.999743918054	0.0	0.000256016385049	0.0	59
refG	0.000356887937188	0.0	0.999523922876	0.0	0.000118962645729	59
refC	0.0	0.000117357117709	0.000117357117709	0.999765230661	0.0	59
refN	0.0	0.0	0.0	0.0	1.0	59
refA	0.999870230989	0.0	0.0	0.000129752173349	0.0	60
refT	0.0	0.99987244898	0.0	0.00012753475322	0.0	60
refG	0.0	0.0	1.0	0.0	0.0	60
refC	0.0	0.0	0.0	1.0	0.0	60
refN	0.0	0.0	0.0	0.0	1.0	60
refA	0.999876680232	0.0	0.0	0.0	0.000123304562269	61
refT	0.0	0.999619675456	0.000253453301229	0.000126726650615	0.0	61
refG	0.0	0.00012336540834	0.999876619371	0.0	0.0	61
refC	0.0	0.000117260787992	0.000234521575985	0.999648093842	0.0	61
refN	0.0	0.0	0.0	0.0	1.0	61
refA	1.0	0.0	0.0	0.0	0.0	62
refT	0.0	0.999739311783	0.000130310138129	0.000130310138129	0.0	62
refG	0.000589414122362	0.000235765648945	0.999056047198	0.000117882824472	0.0	62
refC	0.0	0.0	0.0	1.0	0.0	62
refN	0.0	0.0	0.0	0.0	1.0	62
refA	0.999613003096	0.0	0.000257898130239	0.000128949065119	0.0	63
refT	0.0	0.999877600979	0.0	0.000122384041121	0.0	63
refG	0.0	0.0	0.999530571529	0.000351906158358	0.000117302052786	63
refC	0.0	0.0	0.000123122383649	0.999876862455	0.0	63
refN	0.0	0.0	0.0	0.0	1.0	63
refA	0.999626168224	0.0	0.000249128051819	0.0	0.000124564025909	64
refT	0.0	1.0	0.0	0.0	0.0	64
refG	0.0	0.0	1.0	0.0	0.0	64
refC	0.0	0.0001223690651	0.0	0.999877615959	0.0	64
refN	0.0	0.0	0.0	0.0	1.0	64
refA	0.999874198012	0.0	0.0	0.000125786163522	0.0	65
refT	0.0	0.999873497786	0.0	0.0	0.000126486213003	65
refG	0.0	0.0	1.0	0.0	0.0	65
refC	0.0	0.0	0.0	0.999879416375	0.000120569086086	65
refN	0.0	0.0	0.0	0.0	1.0	65
refA	1.0	0.0	0.0	0.0	0.0	66
refT	0.0	0.999631313752	0.00012285012285	0.0002457002457	0.0	66
refG	0.0	0.0	0.999763089315	0.000236854571293	0.0	66
refC	0.0	0.000237896990603	0.0	0.999762046401	0.0	66
refN	0.0	0.0	0.0	0.0	1.0	66
refA	0.999609527528	0.0	0.000390320062451	0.0	0.0	67
refT	0.0	1.0	0.0	0.0	0.0	67
refG	0.0	0.0	1.0	0.0	0.0	67
refC	0.0	0.0001196744854	0.0	0.999880311191	0.0	67
refN	0.0	0.0	0.0	0.0	1.0	67
refA	0.999873817035	0.0	0.0	0.0	0.000126167045168	68
refT	0.0	0.99974766591	0.0	0.000252270433905	0.0	68
refG	0.000116103564379	0.0	0.999767738939	0.000116103564379	0.0	68
refC	0.0	0.0	0.0	0.999875791827	0.000124192747144	68
refN	0.0	0.0	0.0	0.0	1.0	68
refA	0.999871909825	0.0	0.0	0.000128073770492	0.0	69
refT	0.0	0.999874859217	0.0	0.000125125125125	0.0	69
refG	0.0	0.0	1.0	0.0	0.0	69
refC	0.0	0.0	0.0002416918429	0.999516382541	0.0002416918429	69
refN	0.0	0.0	0.0	0.0	1.0	69
refA	1.0	0.0	0.0	0.0	0.0	70
refT	0.0	0.999506538367	0.000246609124538	0.000123304562269	0.000123304562269	70
refG	0.0	0.0	0.999770957398	0.000228990153423	0.0	70
refC	0.0	0.000123609394314	0.0	0.999876375325	0.0	70
refN	0.0	0.0	0.0	0.0	1.0	70
refA	1.0	0.0	0.0	0.0	0.0	71
refT	0.0	0.999873513787	0.0	0.0	0.000126470216264	71
refG	0.000119789171059	0.0	0.999880196478	0.0	0.0	71
refC	0.0	0.0	0.000119061793071	0.99988092403	0.0	71
refN	0.0	0.0	0.0	0.0	1.0	71
refA	0.999739107748	0.0	0.000260824204486	0.0	0.0	72
refT	0.0	0.99987073423	0.000129249062944	0.0	0.0	72
refG	0.0	0.0	1.0	0.0	0.0	72
refC	0.0	0.0	0.0	1.0	0.0	72
refN	0.0	0.0	0.0	0.0	1.0	72
refA	0.999731939418	0.0	0.0	0.000133994372236	0.000133994372236	73
refT	0.0	1.0	0.0	0.0	0.0	73
refG	0.000116618075802	0.000233236151603	0.999533309999	0.000116618075802	0.0	73
refC	0.0	0.0	0.0	1.0	0.0	73
refN	0.0	0.0	0.0	0.0	1.0	73
refA	1.0	0.0	0.0	0.0	0.0	74
refT	0.0	0.999868938401	0.0	0.00013104442406	0.0	74
refG	0.00011655011655	0.0	0.999883436298	0.0	0.0	74
refC	0.0	0.000358422939068	0.000119474313023	0.999521874253	0.0	74
refN	0.0	0.0	0.0	0.0	1.0	74
refA	0.99974230125	0.0	0.000257632358624	0.0	0.0	75
refT	0.0	0.999872870582	0.000127113257913	0.0	0.0	75
refG	0.0	0.0	0.999878004148	0.000121980970969	0.0	75
refC	0.0	0.0	0.0	1.0	0.0	75
refN	0.0	0.0	0.0	0.0	1.0	75
refA	0.999871811306	0.0	0.000128172263522	0.0	0.0	76
refT	0.0	1.0	0.0	0.0	0.0	76
refG	0.000120062432465	0.000120062432465	0.999759817461	0.0	0.0	76
refC	0.0	0.0	0.000116306117702	0.999883680354	0.0	76
refN	0.0	0.0	0.0	0.0	1.0	76
refA	0.999874655302	0.0	0.000125328988595	0.0	0.0	77
refT	0.0	0.999872040947	0.0	0.000127942681679	0.0	77
refG	0.0	0.0	0.999880425685	0.0	0.00011956001913	77
refC	0.0	0.00012010569301	0.0	0.999759730899	0.00012010569301	77
refN	0.0	0.0	0.0	0.0	1.0	77
refA	0.999866808737	0.0	0.000133173525103	0.0	0.0	78
refT	0.0	1.0	0.0	0.0	0.0	78
refG	0.0	0.0	0.99975975976	0.000240182538729	0.0	78
refC	0.0	0.000115035085701	0.000115035085701	0.999769876884	0.0	78
refN	0.0	0.0	0.0	0.0	1.0	78
refA	0.999866879659	0.0	0.000133102622122	0.0	0.0	79
refT	0.0	1.0	0.0	0.0	0.0	79
refG	0.0	0.000116495806151	0.999883490621	0.0	0.0	79
refC	0.0	0.000119019281124	0.0	0.999880966552	0.0	79
refN	0.0	0.0	0.0	0.0	1.0	79
refA	0.999875776398	0.0	0.0	0.000124208172898	0.0	80
refT	0.0	0.999742996659	0.0	0.000256937307297	0.0	80
refG	0.000121212121212	0.0	0.999878773185	0.0	0.0	80
refC	0.0	0.0	0.0	0.999877511024	0.00012247397428	80
refN	0.0	0.0	0.0	0.0	1.0	80
refA	0.99974609623	0.0	0.000253839319711	0.0	0.0	81
refT	0.000125754527163	0.998740871317	0.000251509054326	0.000880281690141	0.0	81
refG	0.000120293516179	0.0	0.999879692012	0.0	0.0	81
refC	0.0	0.0	0.0	1.0	0.0	81
refN	0.0	0.0	0.0	0.0	1.0	81
refA	0.999739955792	0.0	0.000129988301053	0.000129988301053	0.0	82
refT	0.0	1.0	0.0	0.0	0.0	82
refG	0.000119246362986	0.000119246362986	0.999642132888	0.000119246362986	0.0	82
refC	0.00011954572624	0.0	0.0	0.999880439981	0.0	82
refN	0.0	0.0	0.0	0.0	1.0	82
refA	1.0	0.0	0.0	0.0	0.0	83
refT	0.0	1.0	0.0	0.0	0.0	83
refG	0.000121654501217	0.0	0.999878330697	0.0	0.0	83
refC	0.000120875135985	0.000241750271969	0.000120875135985	0.99951626557	0.0	83
refN	0.0	0.0	0.0	0.0	1.0	83
refA	1.0	0.0	0.0	0.0	0.0	84
refT	0.0	0.999875745527	0.0	0.000124239035905	0.0	84
refG	0.0	0.0	0.999877104584	0.000122880314574	0.0	84
refC	0.0	0.000116822429907	0.000116822429907	0.99964940984	0.000116822429907	84
refN	0.0	0.0	0.0	0.0	1.0	84
refA	0.999862882216	0.0	0.000137098985468	0.0	0.0	85
refT	0.0	1.0	0.0	0.0	0.0	85
refG	0.000235349493999	0.0	0.999646851089	0.000117674746999	0.0	85
refC	0.0	0.0	0.000121462407385	0.999757016158	0.000121462407385	85
refN	0.0	0.0	0.0	0.0	1.0	85
refA	0.999617785705	0.0	0.000127356087621	0.0	0.000254712175242	86
refT	0.0	0.999874796544	0.0	0.000125187781673	0.0	86
refG	0.0	0.000119317503878	0.999761308032	0.0	0.000119317503878	86
refC	0.0	0.0	0.0	1.0	0.0	86
refN	0.0	0.0	0.0	0.0	1.0	86
refA	1.0	0.0	0.0	0.0	0.0	87
refT	0.0	1.0	0.0	0.0	0.0	87
refG	0.0	0.000123289360128	0.999876695438	0.0	0.0	87
refC	0.0	0.000115247205255	0.000115247205255	0.99976945245	0.0	87
refN	0.0	0.0	0.0	0.0	1.0	87
refA	1.0	0.0	0.0	0.0	0.0	88
refT	0.0	1.0	0.0	0.0	0.0	88
refG	0.000115353558657	0.000230707117315	0.999653819525	0.0	0.0	88
refC	0.0	0.000245158126992	0.0	0.999754781756	0.0	88
refN	0.0	0.0	0.0	0.0	1.0	88
refA	1.0	0.0	0.0	0.0	0.0	89
refT	0.0	1.0	0.0	0.0	0.0	89
refG	0.0	0.0	0.999880539959	0.00011944577162	0.0	89
refC	0.0	0.000119075970469	0.000119075970469	0.999642644431	0.000119075970469	89
refN	0.0	0.0	0.0	0.0	1.0	89
refA	0.999871630295	0.0	0.0	0.0	0.000128353228084	90
refT	0.0	1.0	0.0	0.0	0.0	90
refG	0.0	0.0	0.999876527966	0.0	0.000123456790123	90
refC	0.0	0.0	0.0	1.0	0.0	90
refN	0.0	0.0	0.0	0.0	1.0	90
refA	0.999876053545	0.0	0.0	0.0	0.000123931094312	91
refT	0.0	1.0	0.0	0.0	0.0	91
refG	0.000122609122119	0.0	0.999754721609	0.000122609122119	0.0	91
refC	0.0	0.000236266981689	0.000118133490845	0.999645473883	0.0	91
refN	0.0	0.0	0.0	0.0	1.0	91
refA	0.999869144203	0.0	0.0	0.0	0.000130838675913	92
refT	0.0	0.999744604776	0.000127665007022	0.0	0.000127665007022	92
refG	0.0	0.0	0.999880710963	0.00011927480916	0.0	92
refC	0.0	0.000369185331036	0.0	0.999630678321	0.0	92
refN	0.0	0.0	0.0	0.0	1.0	92
refA	1.0	0.0	0.0	0.0	0.0	93
refT	0.0	0.999871877002	0.0	0.000128106584678	0.0	93
refG	0.000241867214899	0.0	0.999516031458	0.000241867214899	0.0	93
refC	0.0	0.000237727326756	0.000237727326756	0.999524319182	0.0	93
refN	0.0	0.0	0.0	0.0	1.0	93
refA	0.999742897545	0.0	0.000128518185323	0.000128518185323	0.0	94
refT	0.0	0.999610339005	0.0	0.000389509218385	0.0	94
refG	0.0	0.0	1.0	0.0	0.0	94
refC	0.0	0.000120134550697	0.000120134550697	0.999759673155	0.0	94
refN	0.0	0.0	0.0	0.0	1.0	94
refA	0.999725839616	0.0	0.000137042620255	0.0	0.000137042620255	95
refT	0.0	0.999874843554	0.0	0.000125140783381	0.0	95
refG	0.0	0.000118906064209	0.999881079795	0.0	0.0	95
refC	0.000237191650854	0.000118595825427	0.0	0.99940666904	0.000237191650854	95
refN	0.0	0.0	0.0	0.0	1.0	95
refA	0.999608406213	0.0	0.000391440501044	0.0	0.0	96
refT	0.0	0.999621259942	0.0	0.00012619888945	0.0002523977789	96
refG	0.0	0.0	0.999511480215	0.0003662109375	0.0001220703125	96
refC	0.000122609122119	0.0	0.0	0.999877375843	0.0	96
refN	0.0	0.0	0.0	0.0	1.0	96
refA	0.999341932087	0.0	0.0	0.000394581086413	0.000263054057609	97
refT	0.0	1.0	0.0	0.0	0.0	97
refG	0.000116103564379	0.000116103564379	0.999767738939	0.0	0.0	97
refC	0.0	0.0	0.000239693192713	0.999520383693	0.000239693192713	97
refN	0.0	0.0	0.0	0.0	1.0	97
refA	0.999866595518	0.0	0.0	0.000133386688009	0.0	98
refT	0.0	1.0	0.0	0.0	0.0	98
refG	0.0	0.0	0.999877375843	0.000122609122119	0.0	98
refC	0.0	0.0	0.000117082308863	0.999882903981	0.0	98
refN	0.0	0.0	0.0	0.0	1.0	98
refA	0.999741100324	0.0	0.000129416332341	0.000129416332341	0.0	99
refT	0.0	0.999741401603	0.0	0.000258531540848	0.0	99
refG	0.0	0.000127893592531	0.999872090049	0.0	0.0	99
refC	0.0	0.0	0.0	0.999882794187	0.000117192077816	99
refN	0.0	0.0	0.0	0.0	1.0	99
refA	0.999734783185	0.0	0.0	0.0	0.000265146493438	100
refT	0.0	1.0	0.0	0.0	0.0	100
refG	0.000352775164628	0.0	0.999647100341	0.0	0.0	100
refC	0.0	0.00391366223909	0.000118595825427	0.995951417004	0.0	100
refN	0.0	0.0	0.0	0.0	1.0	100
