## htsjdk.samtools.metrics.StringHeader
# picard.analysis.CollectInsertSizeMetrics HISTOGRAM_FILE=NA20542_histogram INPUT=NA20542_accepted_hits.bam OUTPUT=NA20542_metrics    DEVIATIONS=10.0 MINIMUM_PCT=0.05 METRIC_ACCUMULATION_LEVEL=[ALL_READS] ASSUME_SORTED=true STOP_AFTER=0 VERBOSITY=INFO QUIET=false VALIDATION_STRINGENCY=STRICT COMPRESSION_LEVEL=5 MAX_RECORDS_IN_RAM=500000 CREATE_INDEX=false CREATE_MD5_FILE=false
## htsjdk.samtools.metrics.StringHeader
# Started on: Thu Oct 02 01:24:38 EDT 2014

## METRICS CLASS	picard.analysis.InsertSizeMetrics
MEDIAN_INSERT_SIZE	MEDIAN_ABSOLUTE_DEVIATION	MIN_INSERT_SIZE	MAX_INSERT_SIZE	MEAN_INSERT_SIZE	STANDARD_DEVIATION	READ_PAIRS	PAIR_ORIENTATION	WIDTH_OF_10_PERCENT	WIDTH_OF_20_PERCENT	WIDTH_OF_30_PERCENT	WIDTH_OF_40_PERCENT	WIDTH_OF_50_PERCENT	WIDTH_OF_60_PERCENT	WIDTH_OF_70_PERCENT	WIDTH_OF_80_PERCENT	WIDTH_OF_90_PERCENT	WIDTH_OF_99_PERCENT	SAMPLE	LIBRARY	READ_GROUP
248	118	73	243083341	332.063658	304.946853	16356309	FR	73	129	171	203	237	329	1203	2859	6817	50035			

## HISTOGRAM	java.lang.Integer
insert_size	All_Reads.fr_count
73	1
74	2
75	323
76	941
77	950
78	922
79	976
80	1065
81	1240
82	1298
83	1542
84	1689
85	1769
86	1951
87	2219
88	2447
89	2701
90	3062
91	3588
92	4323
93	5081
94	5755
95	6309
96	6968
97	7522
98	8418
99	9356
100	10696
101	12370
102	14037
103	15979
104	17835
105	19222
106	20868
107	22187
108	24105
109	26165
110	28356
111	31279
112	34199
113	37667
114	40793
115	44079
116	46553
117	48117
118	49851
119	52005
120	53900
121	57721
122	60852
123	64525
124	68378
125	70579
126	73100
127	74249
128	75472
129	77796
130	78046
131	79858
132	81802
133	84755
134	88411
135	89644
136	92373
137	91036
138	91386
139	90957
140	90432
141	89889
142	91006
143	92465
144	93788
145	95237
146	96366
147	96576
148	95096
149	93451
150	90836
151	90644
152	90189
153	90696
154	90081
155	90610
156	90668
157	89624
158	88173
159	86582
160	85648
161	84343
162	82682
163	81322
164	81021
165	81336
166	81115
167	79480
168	79139
169	77073
170	74719
171	73127
172	71872
173	70495
174	70304
175	68564
176	68783
177	67892
178	66676
179	66532
180	64256
181	62997
182	61085
183	60062
184	58460
185	58213
186	57768
187	56498
188	55785
189	54675
190	54012
191	52461
192	51310
193	49928
194	48639
195	47774
196	47402
197	47136
198	47060
199	45338
200	44948
201	44248
202	42929
203	41585
204	41254
205	40151
206	39798
207	39381
208	39045
209	37921
210	37408
211	36616
212	36517
213	35235
214	34962
215	34196
216	33943
217	33574
218	33777
219	33637
220	32912
221	31941
222	31279
223	31094
224	30435
225	30020
226	29368
227	29553
228	28912
229	28825
230	28491
231	27694
232	27521
233	26794
234	26591
235	26289
236	25369
237	26041
238	25433
239	25026
240	24067
241	23477
242	23384
243	22929
244	22480
245	22681
246	21971
247	21393
248	22286
249	21322
250	21259
251	20983
252	20598
253	20366
254	20057
255	19794
256	19208
257	19018
258	19478
259	19244
260	18130
261	17937
262	17783
263	17746
264	17600
265	17381
266	17073
267	16763
268	16752
269	17347
270	16482
271	16426
272	15980
273	15769
274	15276
275	15026
276	14644
277	14296
278	14454
279	14124
280	14106
281	13885
282	13746
283	13373
284	13363
285	13201
286	12906
287	12792
288	12518
289	12066
290	12032
291	11957
292	12086
293	11956
294	11575
295	11336
296	11114
297	10905
298	10914
299	10745
300	10730
301	10540
302	10552
303	10218
304	10194
305	9939
306	9991
307	9973
308	9954
309	9923
310	9556
311	9662
312	9381
313	9333
314	9257
315	9347
316	9097
317	9020
318	8875
319	8896
320	8708
321	8779
322	8592
323	8679
324	8471
325	8496
326	8224
327	8211
328	8146
329	8164
330	8405
331	8143
332	8148
333	8008
334	7943
335	7969
336	7882
337	7913
338	7920
339	7756
340	7783
341	7807
342	8025
343	7718
344	7628
345	7554
346	7684
347	7748
348	7590
349	7575
350	7616
351	7608
352	7481
353	7394
354	7065
355	7135
356	7095
357	7240
358	7238
359	7013
360	7026
361	7065
362	7060
363	7088
364	7052
365	7120
366	6987
367	6968
368	6777
369	6654
370	6812
371	6813
372	6704
373	6580
374	6745
375	6831
376	6583
377	6511
378	6592
379	6402
380	6555
381	6543
382	6358
383	6202
384	6343
385	6299
386	6401
387	6360
388	6304
389	6168
390	6211
391	6440
392	6232
393	6343
394	6132
395	6035
396	6133
397	6221
398	6080
399	6049
400	5782
401	6071
402	5931
403	5862
404	6023
405	5906
406	5962
407	5756
408	5803
409	5691
410	5414
411	5685
412	5591
413	5587
414	5471
415	5578
416	5368
417	5523
418	5591
419	5319
420	5266
421	5206
422	5156
423	5195
424	5273
425	5198
426	5328
427	5161
428	5100
429	4944
430	5089
431	5048
432	5086
433	5006
434	5022
435	4887
436	4956
437	4894
438	5033
439	4902
440	4719
441	4809
442	4856
443	4705
444	4836
445	4845
446	4691
447	4715
448	4704
449	4692
450	4676
451	4473
452	4705
453	4542
454	4716
455	4592
456	4556
457	4359
458	4424
459	4424
460	4446
461	4371
462	4182
463	4280
464	4271
465	4196
466	4282
467	4096
468	4125
469	4180
470	4306
471	4303
472	4278
473	4075
474	3976
475	4308
476	4083
477	4049
478	3961
479	4138
480	3916
481	4070
482	4121
483	3969
484	4011
485	4018
486	3872
487	3911
488	4014
489	3874
490	3997
491	3945
492	3987
493	4030
494	3888
495	3973
496	3959
497	3999
498	3963
499	3847
500	4087
501	3932
502	3958
503	4011
504	4043
505	4077
506	4087
507	4248
508	4232
509	4144
510	4171
511	3906
512	4167
513	4028
514	4159
515	4125
516	4035
517	4155
518	3984
519	4116
520	4265
521	4184
522	4287
523	4294
524	4245
525	4224
526	4171
527	4183
528	4238
529	4193
530	4494
531	4414
532	4220
533	4248
534	4454
535	4591
536	4464
537	4472
538	4443
539	4362
540	4349
541	4365
542	4396
543	4497
544	4421
545	4387
546	4243
547	4226
548	4159
549	4218
550	4234
551	4222
552	4456
553	4408
554	4370
555	4305
556	4045
557	4250
558	4278
559	4296
560	4057
561	4278
562	4102
563	4415
564	4008
565	4198
566	4041
567	3966
568	4177
569	3985
570	4074
571	4023
572	4075
573	4021
574	4061
575	4062
576	3969
577	4159
578	3983
579	3959
580	3845
581	3910
582	3867
583	3834
584	3946
585	3895
586	3755
587	3884
588	3955
589	3948
590	3759
591	3879
592	3917
593	4086
594	3876
595	3808
596	3965
597	4040
598	3899
599	3808
600	3812
601	3737
602	3730
603	3816
604	3910
605	3833
606	3737
607	3814
608	3507
609	3639
610	3680
611	3834
612	3675
613	3732
614	3682
615	3729
616	3715
617	3625
618	3736
619	3746
620	3707
621	3491
622	3667
623	3732
624	3708
625	3783
626	3674
627	3764
628	3790
629	3857
630	3733
631	3603
632	3804
633	3645
634	3598
635	3682
636	3576
637	3648
638	3788
639	3762
640	3738
641	3551
642	3589
643	3660
644	3633
645	3615
646	3523
647	3508
648	3516
649	3632
650	3542
651	3532
652	3467
653	3471
654	3500
655	3620
656	3465
657	3423
658	3429
659	3461
660	3534
661	3341
662	3277
663	3438
664	3416
665	3387
666	3363
667	3407
668	3428
669	3477
670	3483
671	3531
672	3425
673	3443
674	3412
675	3410
676	3542
677	3802
678	3427
679	3610
680	3335
681	3534
682	3406
683	3620
684	3548
685	3722
686	3544
687	3375
688	3363
689	3390
690	3364
691	3492
692	3476
693	3471
694	3459
695	3445
696	3455
697	3312
698	3481
699	3336
700	3483
701	3651
702	3393
703	3510
704	3480
705	3512
706	3462
707	3480
708	3549
709	3315
710	3494
711	3464
712	3464
713	3502
714	3377
715	3317
716	3327
717	3219
718	3409
719	3217
720	3228
721	3195
722	3279
723	3244
724	3131
725	3151
726	3211
727	3272
728	3159
729	3214
730	3199
731	3224
732	3039
733	3243
734	3239
735	3167
736	3062
737	3097
738	3001
739	3050
740	2924
741	2976
742	3113
743	3076
744	3069
745	2992
746	2908
747	2974
748	2989
749	3069
750	3258
751	3264
752	3119
753	3114
754	3111
755	3083
756	3043
757	3162
758	2993
759	3199
760	3145
761	3037
762	3187
763	3114
764	3194
765	3212
766	3228
767	3079
768	3147
769	3050
770	3104
771	3078
772	3119
773	3065
774	3031
775	3074
776	3068
777	3107
778	2975
779	3049
780	3088
781	3072
782	3022
783	3119
784	3207
785	3161
786	2990
787	3151
788	3187
789	3125
790	3054
791	3208
792	3130
793	3025
794	3176
795	3155
796	3124
797	3149
798	3144
799	2876
800	2915
801	3104
802	3081
803	2998
804	3135
805	3092
806	2947
807	3103
808	3041
809	2895
810	2798
811	3045
812	3011
813	2907
814	2875
815	2817
816	2822
817	2844
818	2783
819	2887
820	2850
821	2804
822	2824
823	2892
824	2653
825	2563
826	2645
827	2557
828	2817
829	2732
830	2751
831	2723
832	2708
833	2685
834	2717
835	2730
836	2600
837	2629
838	2557
839	2522
840	2698
841	2623
842	2600
843	2527
844	2488
845	2638
846	2663
847	2524
848	2662
849	2576
850	2499
851	2592
852	2528
853	2589
854	2641
855	2684
856	2629
857	2521
858	2602
859	2546
860	2609
861	2598
862	2582
863	2574
864	2425
865	2674
866	2577
867	2531
868	2627
869	2446
870	2522
871	2551
872	2401
873	2503
874	2434
875	2574
876	2628
877	2435
878	2599
879	2343
880	2534
881	2535
882	2532
883	2603
884	2583
885	2597
886	2494
887	2471
888	2553
889	2579
890	2637
891	2560
892	2632
893	2511
894	2585
895	2550
896	2459
897	2635
898	2641
899	2584
900	2640
901	2514
902	2542
903	2593
904	2605
905	2636
906	2551
907	2617
908	2670
909	2539
910	2472
911	2454
912	2538
913	2541
914	2596
915	2452
916	2461
917	2506
918	2593
919	2711
920	2668
921	2541
922	2541
923	2674
924	2715
925	2678
926	2649
927	2903
928	2813
929	2949
930	2764
931	2802
932	2697
933	2784
934	2785
935	2852
936	2656
937	2524
938	2528
939	2636
940	2699
941	2599
942	2534
943	2455
944	2613
945	2545
946	2647
947	2475
948	2587
949	2591
950	2632
951	2611
952	2624
953	2698
954	2516
955	2693
956	2617
957	2503
958	2458
959	2522
960	2642
961	2554
962	2471
963	2617
964	2481
965	2429
966	2505
967	2535
968	2439
969	2474
970	2459
971	2369
972	2415
973	2447
974	2573
975	2370
976	2438
977	2354
978	2371
979	2445
980	2337
981	2427
982	2475
983	2517
984	2416
985	2422
986	2429
987	2606
988	2337
989	2521
990	2636
991	2288
992	2493
993	2440
994	2674
995	2352
996	2498
997	2404
998	2426
999	2288
1000	2304
1001	2291
1002	2356
1003	2298
1004	2386
1005	2315
1006	2156
1007	2354
1008	2288
1009	2176
1010	2287
1011	2187
1012	2172
1013	2307
1014	2289
1015	2204
1016	2179
1017	2333
1018	2175
1019	2116
1020	2280
1021	2125
1022	2083
1023	2111
1024	2252
1025	2131
1026	2207
1027	2085
1028	2117
1029	2121
1030	2021
1031	2074
1032	2092
1033	2083
1034	1965
1035	1937
1036	2085
1037	1964
1038	1971
1039	2186
1040	2092
1041	2007
1042	1895
1043	1949
1044	1918
1045	1968
1046	1934
1047	1919
1048	1927
1049	1903
1050	1892
1051	1879
1052	1973
1053	1789
1054	1824
1055	1865
1056	1880
1057	1889
1058	1814
1059	1931
1060	1965
1061	1886
1062	1905
1063	1833
1064	1843
1065	1819
1066	1750
1067	1857
1068	1949
1069	1891
1070	1936
1071	1926
1072	1835
1073	1849
1074	1828
1075	1789
1076	1822
1077	1963
1078	2076
1079	1835
1080	1777
1081	1758
1082	1797
1083	1879
1084	1885
1085	1855
1086	2014
1087	1899
1088	1938
1089	1904
1090	1899
1091	2063
1092	2007
1093	2114
1094	2129
1095	1902
1096	1987
1097	1973
1098	1821
1099	1831
1100	1803
1101	1897
1102	1880
1103	1807
1104	1852
1105	1786
1106	1741
1107	1795
1108	1700
1109	1849
1110	1746
1111	1748
1112	1758
1113	1806
1114	1766
1115	1825
1116	1842
1117	1800
1118	1902
1119	1813
1120	1841
1121	1767
1122	1878
1123	1730
1124	1827
1125	1749
1126	1841
1127	1738
1128	1828
1129	1723
1130	1710
1131	1653
1132	1721
1133	1631
1134	1668
1135	1646
1136	1798
1137	1734
1138	1751
1139	1699
1140	1619
1141	1754
1142	1740
1143	1653
1144	1713
1145	1722
1146	1783
1147	1794
1148	1875
1149	1789
1150	1838
1151	1796
1152	1871
1153	1718
1154	1760
1155	1744
1156	1793
1157	1892
1158	1765
1159	1789
1160	1820
1161	1785
1162	1775
1163	1782
1164	1865
1165	1765
1166	1798
1167	1795
1168	1745
1169	1747
1170	1724
1171	1772
1172	1778
1173	1818
1174	1842
1175	1725
1176	1814
1177	1952
1178	1882
1179	1818
1180	1845
1181	1805
1182	1776
1183	1912
1184	1806
1185	1808
1186	1845
1187	1814
1188	1872
1189	1845
1190	1960
1191	1989
1192	1853
1193	2038
1194	1838
1195	2134
1196	2081
1197	2079
1198	2057
1199	2042
1200	2157
1201	2109
1202	2168
1203	2135
1204	2235
1205	2090
1206	2098
1207	2113
1208	2052
1209	2072
1210	2131
1211	2080
1212	2363
1213	2505
1214	2704
1215	2761
1216	2809
1217	2591
1218	2346
1219	2432
1220	2201
1221	2212
1222	2205
1223	2264
1224	2325
1225	2216
1226	2204
1227	2102
1228	2171
1229	2326
1230	2300
1231	2248
1232	2165
1233	2154
1234	2179
1235	2179
1236	2157
1237	2043
1238	2046
1239	2141
1240	2089
1241	2033
1242	2075
1243	2099
1244	2084
1245	2035
1246	2150
1247	2211
1248	2227
1249	2119
1250	2091
1251	2244
1252	2243
1253	2086
1254	2169
1255	2162
1256	2141
1257	1987
1258	2090
1259	2027
1260	2058
1261	2169
1262	2172
1263	2321
1264	2044
1265	2176
1266	2028
1267	2039
1268	1982
1269	1973
1270	2125
1271	1894
1272	1945
1273	1951
1274	1956
1275	1860
1276	1841
1277	1931
1278	1834
1279	1935
1280	1845
1281	1881
1282	1942
1283	1861
1284	1902
1285	1992
1286	1917
1287	1865
1288	1835
1289	1828
1290	1881
1291	1889
1292	1891
1293	1794
1294	1790
1295	1907
1296	1869
1297	1884
1298	1922
1299	1878
1300	1886
1301	1892
1302	1862
1303	1938
1304	1896
1305	1951
1306	2072
1307	2096
1308	1976
1309	1986
1310	1958
1311	1928
1312	1945
1313	1968
1314	1938
1315	1959
1316	2061
1317	1888
1318	1957
1319	1960
1320	2045
1321	1912
1322	1846
1323	1821
1324	1898
1325	1914
1326	1851
1327	1808
1328	1910
1329	1773
1330	1767
1331	1854
1332	1794
1333	1832
1334	1765
1335	1739
1336	1786
1337	1784
1338	1825
1339	1820
1340	1857
1341	1832
1342	1789
1343	1879
1344	1743
1345	1763
1346	1766
1347	1818
1348	1830
1349	1831
1350	1835
1351	1742
1352	1829
1353	1996
1354	1718
1355	1771
1356	1800
1357	1786
1358	1749
1359	1925
1360	1753
1361	1727
1362	1799
1363	1818
1364	1823
1365	1749
1366	1731
1367	1749
1368	1761
1369	1784
1370	1790
1371	1818
1372	1859
1373	1805
1374	1703
1375	1800
1376	1742
1377	1741
1378	1724
1379	1815
1380	1779
1381	1793
1382	1849
1383	1798
1384	1699
1385	1761
1386	1741
1387	1690
1388	1708
1389	1769
1390	1768
1391	1733
1392	1805
1393	1824
1394	1797
1395	1771
1396	1895
1397	1810
1398	1670
1399	1719
1400	1746
1401	1720
1402	1792
1403	1713
1404	1669
1405	1689
1406	1705
1407	1699
1408	1774
1409	1689
1410	1704
1411	1723
1412	1726
1413	1674
1414	1711
1415	1723
1416	1594
1417	1710
1418	1790
1419	1699
1420	1566
1421	1627
1422	1644
1423	1756
1424	1649
1425	1707
1426	1646
1427	1623
1428	1729

