## htsjdk.samtools.metrics.StringHeader
# picard.analysis.CollectInsertSizeMetrics HISTOGRAM_FILE=NA12776_histogram INPUT=NA12776_accepted_hits.bam OUTPUT=NA12776_metrics    DEVIATIONS=10.0 MINIMUM_PCT=0.05 METRIC_ACCUMULATION_LEVEL=[ALL_READS] ASSUME_SORTED=true STOP_AFTER=0 VERBOSITY=INFO QUIET=false VALIDATION_STRINGENCY=STRICT COMPRESSION_LEVEL=5 MAX_RECORDS_IN_RAM=500000 CREATE_INDEX=false CREATE_MD5_FILE=false
## htsjdk.samtools.metrics.StringHeader
# Started on: Thu Oct 02 01:21:15 EDT 2014

## METRICS CLASS	picard.analysis.InsertSizeMetrics
MEDIAN_INSERT_SIZE	MEDIAN_ABSOLUTE_DEVIATION	MIN_INSERT_SIZE	MAX_INSERT_SIZE	MEAN_INSERT_SIZE	STANDARD_DEVIATION	READ_PAIRS	PAIR_ORIENTATION	WIDTH_OF_10_PERCENT	WIDTH_OF_20_PERCENT	WIDTH_OF_30_PERCENT	WIDTH_OF_40_PERCENT	WIDTH_OF_50_PERCENT	WIDTH_OF_60_PERCENT	WIDTH_OF_70_PERCENT	WIDTH_OF_80_PERCENT	WIDTH_OF_90_PERCENT	WIDTH_OF_99_PERCENT	SAMPLE	LIBRARY	READ_GROUP
258	132	74	243081128	362.372314	351.017288	27582440	FR	89	155	197	231	265	397	1293	2929	6957	55267			

## HISTOGRAM	java.lang.Integer
insert_size	All_Reads.fr_count
74	3
75	686
76	2162
77	2169
78	2152
79	2313
80	2499
81	2635
82	2970
83	3316
84	3692
85	4207
86	4486
87	5000
88	5481
89	6216
90	7234
91	8453
92	9438
93	10935
94	12121
95	13653
96	15182
97	16791
98	18724
99	20742
100	23832
101	26537
102	30071
103	33537
104	37476
105	40502
106	43309
107	46950
108	50320
109	55296
110	59376
111	64333
112	69889
113	75601
114	81395
115	86123
116	91038
117	94742
118	98164
119	102898
120	107051
121	112758
122	118426
123	123482
124	128726
125	133865
126	135337
127	137908
128	140780
129	142913
130	145279
131	147785
132	151676
133	153569
134	158466
135	158742
136	160030
137	158971
138	159865
139	160432
140	156991
141	157008
142	159113
143	160854
144	160642
145	161032
146	162176
147	158863
148	158822
149	155553
150	151817
151	150627
152	150245
153	149849
154	148406
155	147933
156	145201
157	143837
158	141045
159	138694
160	135541
161	133765
162	130385
163	129396
164	127244
165	127189
166	125385
167	121888
168	119801
169	117228
170	114393
171	111316
172	109973
173	108685
174	107158
175	104653
176	103452
177	101680
178	99327
179	98444
180	95484
181	92635
182	91381
183	89157
184	86944
185	86058
186	84515
187	82839
188	82208
189	79691
190	78182
191	76289
192	73732
193	72744
194	70668
195	69681
196	69684
197	68180
198	67433
199	65645
200	64868
201	64217
202	61903
203	60649
204	59402
205	58650
206	58421
207	57813
208	56569
209	55799
210	54534
211	54301
212	54040
213	52126
214	52043
215	50610
216	51333
217	50147
218	49909
219	49705
220	48253
221	47415
222	46977
223	46061
224	45695
225	45270
226	45014
227	44779
228	43566
229	43600
230	43164
231	41864
232	41491
233	40538
234	40066
235	40666
236	39307
237	39571
238	39232
239	38473
240	36773
241	36779
242	36148
243	35368
244	34807
245	34898
246	34537
247	33482
248	34197
249	33312
250	33152
251	33430
252	32440
253	31657
254	31058
255	30413
256	30178
257	30083
258	30058
259	29828
260	28888
261	28084
262	27958
263	28421
264	28077
265	27260
266	27202
267	26421
268	26358
269	26290
270	26575
271	25466
272	25102
273	24903
274	24190
275	23577
276	23448
277	22444
278	22639
279	22401
280	22793
281	22502
282	22043
283	21560
284	21516
285	20900
286	20192
287	20380
288	20226
289	19361
290	19091
291	19216
292	19554
293	18909
294	18864
295	18282
296	17894
297	18020
298	17408
299	17777
300	17267
301	16921
302	17416
303	16642
304	16978
305	16398
306	16211
307	16026
308	16187
309	16004
310	15803
311	15799
312	15356
313	15623
314	15274
315	15543
316	15138
317	15287
318	14883
319	14839
320	14565
321	14795
322	14514
323	14570
324	14461
325	14595
326	14082
327	14154
328	14014
329	13931
330	14095
331	13796
332	13845
333	13444
334	13912
335	13580
336	13698
337	13307
338	13566
339	13356
340	13227
341	13315
342	13181
343	13262
344	13030
345	12730
346	13340
347	12965
348	12294
349	12483
350	12904
351	12900
352	12511
353	12347
354	12352
355	11901
356	11999
357	12455
358	12193
359	11938
360	11914
361	11943
362	12046
363	11899
364	11723
365	11607
366	11903
367	11399
368	11758
369	11220
370	11382
371	11364
372	11216
373	11148
374	11276
375	11252
376	11153
377	11283
378	11252
379	10654
380	11094
381	11031
382	10716
383	10676
384	10569
385	10775
386	10714
387	10858
388	10691
389	10539
390	10478
391	10703
392	10857
393	10374
394	10399
395	10073
396	10327
397	10701
398	10342
399	10152
400	9968
401	10387
402	10021
403	9817
404	10437
405	10144
406	10178
407	10003
408	9861
409	9739
410	9491
411	9615
412	9615
413	9738
414	9471
415	9771
416	9487
417	9577
418	9525
419	9078
420	8949
421	9133
422	9026
423	9713
424	9011
425	8921
426	8997
427	8800
428	8933
429	8601
430	8402
431	8934
432	8564
433	8596
434	8781
435	8469
436	8457
437	8336
438	8551
439	8462
440	8521
441	8397
442	8344
443	8266
444	8327
445	8123
446	7960
447	8049
448	8052
449	7965
450	8156
451	8027
452	8132
453	8159
454	8187
455	7735
456	7833
457	7788
458	7791
459	7860
460	7596
461	7599
462	7524
463	7612
464	7709
465	7583
466	7623
467	7261
468	7233
469	7407
470	7483
471	7623
472	7314
473	7198
474	7247
475	7357
476	7051
477	7241
478	6941
479	7010
480	6986
481	7241
482	7330
483	7160
484	7050
485	7178
486	7275
487	6970
488	6898
489	7016
490	7256
491	7398
492	7519
493	7159
494	7104
495	7293
496	7125
497	7118
498	7436
499	7275
500	7285
501	7006
502	7374
503	7372
504	7349
505	7504
506	7514
507	7694
508	7776
509	7551
510	7460
511	7328
512	7203
513	7321
514	7349
515	7585
516	7487
517	7431
518	7514
519	7341
520	7485
521	7638
522	7532
523	7818
524	7685
525	7594
526	7672
527	7636
528	7784
529	7816
530	7797
531	8368
532	7354
533	7570
534	7797
535	8108
536	7928
537	8712
538	7847
539	7858
540	7756
541	7895
542	7879
543	7805
544	7951
545	7991
546	7553
547	7617
548	7667
549	7656
550	7450
551	7531
552	7782
553	7311
554	7509
555	7523
556	7131
557	7218
558	7466
559	7139
560	7015
561	7324
562	7150
563	7426
564	7006
565	7501
566	7344
567	7035
568	7137
569	7142
570	7143
571	7086
572	7066
573	7350
574	7064
575	7021
576	7082
577	7069
578	6829
579	6933
580	6686
581	7183
582	6786
583	6830
584	6851
585	7110
586	6924
587	6954
588	6830
589	7098
590	6623
591	6893
592	6747
593	7310
594	7071
595	6850
596	7021
597	7073
598	6779
599	6848
600	6795
601	6667
602	6658
603	6633
604	6831
605	6719
606	6557
607	6743
608	6587
609	6714
610	6530
611	6812
612	6603
613	6807
614	6478
615	6360
616	6866
617	6757
618	6933
619	6963
620	6614
621	6549
622	6750
623	6794
624	6597
625	6767
626	6712
627	6734
628	6899
629	6818
630	6808
631	6617
632	6876
633	6837
634	6491
635	6747
636	6697
637	6607
638	6759
639	6771
640	6591
641	6615
642	6650
643	6857
644	6465
645	6501
646	6600
647	6505
648	6367
649	6502
650	6485
651	6275
652	6247
653	6311
654	6432
655	6381
656	6255
657	5973
658	6084
659	6194
660	6356
661	6390
662	5988
663	6230
664	6252
665	6296
666	6042
667	6317
668	6185
669	6181
670	6439
671	6294
672	6157
673	6181
674	6595
675	6195
676	6426
677	6303
678	6298
679	6380
680	6133
681	6289
682	6047
683	6403
684	6376
685	6505
686	6131
687	6217
688	6089
689	6132
690	6141
691	6112
692	6099
693	5991
694	6099
695	6171
696	6282
697	5921
698	6305
699	5966
700	6196
701	6119
702	5945
703	6119
704	5916
705	6151
706	6093
707	5887
708	5973
709	5828
710	5866
711	6091
712	5815
713	5998
714	5592
715	5727
716	5507
717	5538
718	5739
719	5599
720	5590
721	5451
722	5731
723	6108
724	5577
725	5741
726	5489
727	5399
728	5499
729	5633
730	5560
731	5650
732	5522
733	5596
734	5795
735	5351
736	5409
737	5268
738	5398
739	5506
740	5401
741	5414
742	5764
743	5370
744	5520
745	5577
746	5291
747	5389
748	5343
749	5608
750	5737
751	5752
752	5687
753	5745
754	5384
755	5590
756	5614
757	5496
758	5311
759	5444
760	5422
761	5395
762	5632
763	5403
764	5608
765	5627
766	5505
767	5646
768	5702
769	5479
770	5611
771	5602
772	5529
773	5666
774	5633
775	5591
776	5671
777	5699
778	5440
779	5406
780	5540
781	5459
782	5440
783	5515
784	5897
785	5667
786	5479
787	5669
788	5642
789	5498
790	5423
791	5682
792	5657
793	5254
794	5463
795	5466
796	5496
797	5595
798	5470
799	5162
800	5098
801	5521
802	5376
803	5271
804	5247
805	5215
806	5096
807	5120
808	5098
809	4988
810	4719
811	5119
812	4952
813	4866
814	5016
815	5047
816	5060
817	4855
818	4822
819	4890
820	4916
821	5060
822	4845
823	4978
824	4729
825	4714
826	4809
827	4791
828	5091
829	4774
830	4985
831	4767
832	4754
833	4714
834	4651
835	4719
836	4695
837	4615
838	4598
839	4411
840	4817
841	4812
842	4580
843	4639
844	4612
845	4641
846	4800
847	4531
848	4927
849	4533
850	4533
851	4676
852	4722
853	4719
854	4627
855	4749
856	4578
857	4764
858	4645
859	4535
860	4566
861	4610
862	4734
863	4397
864	4643
865	4825
866	4607
867	4408
868	4631
869	4510
870	4506
871	4590
872	4495
873	4531
874	4454
875	4340
876	4818
877	4566
878	4524
879	4358
880	4192
881	4406
882	4527
883	4408
884	4631
885	4421
886	4441
887	4390
888	4270
889	4405
890	4565
891	4693
892	4594
893	4561
894	4564
895	4459
896	4420
897	4668
898	4632
899	4368
900	4574
901	4425
902	4548
903	4500
904	4450
905	4532
906	4516
907	4516
908	4471
909	4651
910	4481
911	4403
912	4358
913	4525
914	4417
915	4573
916	4618
917	4397
918	4448
919	4804
920	4599
921	4619
922	4480
923	4649
924	4553
925	4656
926	4558
927	4664
928	4837
929	5194
930	4628
931	4890
932	4609
933	4656
934	4700
935	4871
936	4689
937	4531
938	4502
939	4670
940	4741
941	4447
942	4507
943	4802
944	4603
945	4613
946	4775
947	4502
948	4549
949	4726
950	4631
951	4642
952	4684
953	4753
954	4543
955	4600
956	4480
957	4341
958	4383
959	4463
960	4540
961	4615
962	4513
963	4385
964	4502
965	4530
966	4372
967	4435
968	4488
969	4423
970	4387
971	4259
972	4450
973	4445
974	4461
975	4482
976	4220
977	4175
978	4100
979	4326
980	4480
981	4237
982	4235
983	4260
984	4265
985	4427
986	4263
987	4497
988	4310
989	4342
990	4388
991	4222
992	4369
993	4327
994	4490
995	4117
996	4162
997	4179
998	4160
999	4053
1000	4130
1001	3982
1002	4054
1003	4002
1004	4027
1005	4079
1006	3849
1007	4018
1008	3833
1009	3830
1010	3977
1011	3867
1012	3863
1013	4023
1014	3997
1015	3997
1016	3868
1017	4019
1018	3941
1019	3958
1020	3734
1021	3812
1022	3745
1023	3628
1024	3819
1025	3615
1026	3692
1027	3678
1028	3827
1029	3647
1030	3593
1031	3543
1032	3615
1033	3487
1034	3547
1035	3341
1036	3651
1037	3504
1038	3540
1039	3775
1040	3499
1041	3418
1042	3266
1043	3400
1044	3313
1045	3438
1046	3468
1047	3333
1048	3307
1049	3343
1050	3311
1051	3174
1052	3363
1053	3291
1054	3210
1055	3316
1056	3271
1057	3386
1058	3267
1059	3343
1060	3302
1061	3232
1062	3352
1063	3306
1064	3180
1065	3355
1066	3190
1067	3140
1068	3373
1069	3395
1070	3410
1071	3370
1072	3374
1073	3270
1074	3242
1075	3271
1076	3375
1077	3494
1078	3627
1079	3275
1080	3185
1081	3291
1082	3145
1083	3368
1084	3324
1085	3124
1086	3562
1087	3424
1088	3648
1089	3391
1090	3407
1091	3597
1092	3545
1093	3688
1094	3717
1095	3375
1096	3529
1097	3541
1098	3270
1099	3367
1100	3244
1101	3159
1102	3541
1103	3094
1104	3398
1105	3354
1106	3102
1107	3244
1108	3150
1109	3154
1110	3229
1111	3209
1112	3212
1113	3261
1114	3043
1115	3260
1116	3245
1117	3202
1118	3277
1119	3238
1120	3430
1121	3151
1122	3331
1123	3182
1124	3157
1125	3226
1126	3307
1127	3179
1128	3255
1129	3188
1130	3157
1131	3141
1132	3204
1133	3046
1134	3115
1135	3145
1136	3206
1137	3186
1138	3133
1139	3249
1140	3130
1141	3222
1142	3298
1143	3201
1144	3314
1145	3141
1146	3262
1147	3274
1148	3334
1149	3302
1150	3415
1151	3329
1152	3384
1153	3382
1154	3229
1155	3179
1156	3433
1157	3416
1158	3348
1159	3325
1160	3290
1161	3261
1162	3424
1163	3308
1164	3329
1165	3323
1166	3235
1167	3248
1168	3270
1169	3292
1170	3373
1171	3387
1172	3190
1173	3375
1174	3165
1175	3124
1176	3109
1177	3345
1178	3330
1179	3326
1180	3376
1181	3185
1182	3247
1183	3350
1184	3362
1185	3325
1186	3290
1187	3234
1188	3274
1189	3536
1190	3594
1191	3442
1192	3440
1193	3547
1194	3445
1195	3554
1196	3655
1197	3655
1198	3628
1199	3755
1200	3599
1201	3614
1202	3880
1203	3924
1204	3840
1205	3519
1206	3935
1207	3639
1208	3651
1209	3506
1210	3864
1211	3767
1212	4050
1213	4243
1214	4102
1215	3969
1216	4022
1217	3762
1218	3894
1219	3778
1220	3702
1221	3699
1222	3740
1223	3749
1224	3837
1225	3729
1226	3735
1227	3759
1228	3797
1229	3924
1230	4114
1231	3679
1232	3962
1233	3675
1234	3686
1235	3781
1236	3663
1237	3720
1238	3536
1239	4031
1240	3766
1241	3839
1242	3792
1243	3839
1244	3601
1245	3720
1246	3924
1247	3906
1248	3993
1249	3830
1250	3925
1251	4155
1252	4014
1253	3851
1254	3670
1255	3881
1256	3659
1257	3478
1258	3726
1259	3560
1260	3668
1261	3759
1262	3609
1263	3903
1264	3589
1265	3737
1266	3550
1267	3555
1268	3550
1269	3411
1270	3381
1271	3387
1272	3311
1273	3338
1274	3244
1275	3297
1276	3240
1277	3360
1278	3350
1279	3347
1280	3363
1281	3160
1282	3339
1283	3520
1284	3341
1285	3416
1286	3348
1287	3495
1288	3382
1289	3257
1290	3348
1291	3269
1292	3363
1293	3209
1294	3362
1295	3281
1296	3314
1297	3323
1298	3307
1299	3416
1300	3399
1301	3425
1302	3319
1303	3401
1304	3268
1305	3414
1306	3440
1307	3302
1308	3377
1309	3381
1310	3408
1311	3262
1312	3350
1313	3278
1314	3302
1315	3378
1316	3446
1317	3348
1318	3378
1319	3316
1320	3267
1321	3076
1322	3268
1323	3186
1324	3186
1325	3172
1326	3196
1327	3341
1328	3124
1329	3156
1330	3139
1331	3109
1332	3143
1333	3105
1334	3184
1335	3138
1336	3224
1337	3215
1338	3225
1339	3119
1340	3136
1341	3120
1342	3205
1343	3139
1344	3012
1345	3046
1346	3105
1347	3117
1348	3073
1349	3169
1350	3204
1351	3089
1352	3218
1353	3222
1354	3242
1355	3208
1356	3150
1357	3111
1358	3040
1359	3251
1360	3123
1361	3006
1362	3087
1363	3226
1364	3253
1365	3071
1366	3094
1367	2900
1368	3149
1369	3139
1370	3182
1371	3197
1372	3534
1373	3211
1374	3098
1375	3261
1376	3235
1377	3117
1378	3077
1379	3153
1380	3196
1381	3156
1382	3267
1383	3171
1384	3102
1385	3227
1386	3210
1387	3119
1388	3111
1389	3059
1390	3186
1391	3297
1392	3252
1393	3073
1394	3103
1395	3248
1396	3228
1397	3229
1398	3116
1399	3032
1400	2981
1401	2974
1402	3152
1403	2934
1404	2979
1405	3105
1406	3049
1407	3072
1408	2920
1409	2936
1410	2897
1411	2949
1412	3034
1413	3099
1414	2844
1415	3014
1416	2981
1417	2978
1418	3153
1419	2910
1420	3095
1421	2972
1422	2934
1423	3066
1424	3006
1425	3113
1426	2982
1427	3100
1428	3040
1429	3175
1430	3265
1431	2979
1432	2857
1433	2932
1434	2917
1435	2949
1436	2908
1437	2960
1438	2921
1439	2986
1440	2958
1441	2899
1442	2875
1443	2922
1444	2857
1445	2833
1446	2913
1447	3001
1448	2922
1449	2945
1450	3112
1451	2954
1452	3091
1453	2957
1454	2950
1455	3186
1456	3186
1457	3115
1458	3053
1459	3212
1460	3104
1461	2995
1462	3009
1463	2959
1464	2971
1465	2972
1466	3077
1467	3033
1468	3145
1469	3038
1470	2906
1471	3059
1472	3167
1473	2962
1474	2965
1475	3026
1476	2900
1477	3137
1478	2940
1479	3029
1480	3040
1481	3068
1482	3145
1483	2995
1484	2945
1485	2869
1486	2915
1487	2964
1488	2982
1489	3011
1490	3019
1491	3077
1492	3140
1493	3119
1494	3263
1495	3086
1496	3090
1497	3274
1498	3132
1499	3295
1500	3282
1501	3565
1502	3293
1503	3203
1504	3098
1505	3097
1506	3112
1507	3094
1508	3131
1509	3058
1510	2955
1511	2993
1512	2933
1513	3012
1514	3192
1515	2965
1516	2985
1517	3083
1518	2926
1519	3124
1520	2880
1521	2911
1522	3014
1523	3070
1524	3210
1525	3291
1526	2996
1527	2897
1528	2885
1529	2854
1530	2855
1531	2911
1532	2855
1533	2988
1534	2865
1535	2937
1536	2971
1537	3259
1538	3080
1539	2945
1540	3001
1541	2898
1542	2844
1543	2736
1544	2978
1545	2985
1546	2950
1547	3045
1548	2880
1549	2901
1550	2950
1551	2826
1552	2972
1553	2901
1554	2980
1555	2784
1556	2987
1557	2775
1558	3022
1559	2895
1560	3072
1561	3021
1562	3093
1563	3109
1564	2852
1565	2985
1566	3059
1567	2980
1568	2844
1569	3059
1570	3285
1571	3061
1572	3137
1573	3045
1574	2964
1575	2821
1576	2985
1577	2947
1578	3022

