## htsjdk.samtools.metrics.StringHeader
# picard.analysis.CollectInsertSizeMetrics HISTOGRAM_FILE=NA12144_histogram INPUT=NA12144_accepted_hits.bam OUTPUT=NA12144_metrics    DEVIATIONS=10.0 MINIMUM_PCT=0.05 METRIC_ACCUMULATION_LEVEL=[ALL_READS] ASSUME_SORTED=true STOP_AFTER=0 VERBOSITY=INFO QUIET=false VALIDATION_STRINGENCY=STRICT COMPRESSION_LEVEL=5 MAX_RECORDS_IN_RAM=500000 CREATE_INDEX=false CREATE_MD5_FILE=false
## htsjdk.samtools.metrics.StringHeader
# Started on: Thu Oct 02 01:13:27 EDT 2014

## METRICS CLASS	picard.analysis.InsertSizeMetrics
MEDIAN_INSERT_SIZE	MEDIAN_ABSOLUTE_DEVIATION	MIN_INSERT_SIZE	MAX_INSERT_SIZE	MEAN_INSERT_SIZE	STANDARD_DEVIATION	READ_PAIRS	PAIR_ORIENTATION	WIDTH_OF_10_PERCENT	WIDTH_OF_20_PERCENT	WIDTH_OF_30_PERCENT	WIDTH_OF_40_PERCENT	WIDTH_OF_50_PERCENT	WIDTH_OF_60_PERCENT	WIDTH_OF_70_PERCENT	WIDTH_OF_80_PERCENT	WIDTH_OF_90_PERCENT	WIDTH_OF_99_PERCENT	SAMPLE	LIBRARY	READ_GROUP
290	168	74	243092491	433.627021	456.239315	27979777	FR	125	209	261	301	337	543	1645	3539	8239	55371			

## HISTOGRAM	java.lang.Integer
insert_size	All_Reads.fr_count
74	2
75	1047
76	3164
77	3339
78	3238
79	3539
80	3891
81	4401
82	5051
83	5805
84	6515
85	7158
86	7929
87	8859
88	10033
89	11154
90	12396
91	14286
92	15811
93	17857
94	19890
95	21657
96	23809
97	26120
98	28749
99	31185
100	34872
101	38161
102	41859
103	45771
104	50674
105	53879
106	57083
107	60851
108	65861
109	70521
110	73976
111	79414
112	83157
113	87005
114	92363
115	97092
116	100730
117	104750
118	108990
119	111711
120	115454
121	118803
122	123197
123	126416
124	130202
125	132441
126	135312
127	136771
128	137293
129	139673
130	139663
131	142201
132	143593
133	145017
134	147524
135	148062
136	149093
137	147868
138	147340
139	148674
140	143951
141	144015
142	145035
143	145043
144	142777
145	143678
146	142348
147	142468
148	140808
149	140697
150	134954
151	133609
152	132919
153	132177
154	131064
155	126720
156	127433
157	125848
158	122712
159	121441
160	120261
161	117359
162	113330
163	113793
164	112095
165	110813
166	108442
167	106399
168	103484
169	102836
170	101277
171	97462
172	97366
173	96900
174	95768
175	92979
176	90704
177	89687
178	88251
179	87687
180	84992
181	84034
182	81819
183	80660
184	78973
185	77231
186	76212
187	75127
188	74665
189	71964
190	70775
191	70094
192	68982
193	67612
194	65352
195	64782
196	63876
197	63273
198	63166
199	61205
200	61040
201	60344
202	58903
203	57574
204	56816
205	56042
206	55383
207	54693
208	53192
209	53214
210	52279
211	51772
212	52217
213	50441
214	49954
215	48620
216	49287
217	48407
218	47786
219	47857
220	46473
221	46168
222	45289
223	45185
224	44020
225	43347
226	43576
227	43385
228	42905
229	41676
230	41804
231	40251
232	40806
233	39193
234	39094
235	39273
236	37523
237	37532
238	37232
239	36735
240	36103
241	35530
242	35549
243	34370
244	33866
245	34485
246	33289
247	33171
248	33682
249	32920
250	32170
251	32177
252	31413
253	31226
254	30242
255	30140
256	29104
257	29643
258	29278
259	29160
260	28410
261	27801
262	27068
263	27505
264	27137
265	26253
266	26503
267	25783
268	25713
269	26138
270	25735
271	25416
272	24693
273	24593
274	23874
275	23365
276	23036
277	22717
278	22232
279	22787
280	22503
281	22781
282	22260
283	21200
284	21056
285	20480
286	20250
287	20421
288	20306
289	19539
290	19325
291	19742
292	19388
293	19341
294	19071
295	18351
296	18281
297	18343
298	17990
299	17907
300	17756
301	17461
302	17948
303	16676
304	17240
305	16959
306	16416
307	16558
308	16708
309	16365
310	16374
311	16295
312	15785
313	15940
314	15398
315	15607
316	15408
317	15129
318	15459
319	15222
320	15046
321	14842
322	14717
323	14952
324	14591
325	14946
326	14339
327	14331
328	14123
329	14407
330	14233
331	14234
332	13902
333	13586
334	13745
335	13926
336	13616
337	13393
338	13487
339	13261
340	13091
341	13283
342	13435
343	13252
344	13377
345	12753
346	13195
347	13116
348	12913
349	12652
350	12913
351	12714
352	12669
353	12455
354	12106
355	12009
356	12012
357	12327
358	12259
359	12109
360	11776
361	11872
362	12166
363	11847
364	11662
365	11598
366	11989
367	11677
368	11354
369	10950
370	11426
371	11225
372	11002
373	10944
374	11082
375	10961
376	10938
377	11121
378	10838
379	10472
380	10854
381	10649
382	10530
383	10115
384	10524
385	10623
386	10711
387	10783
388	10128
389	10235
390	10279
391	10627
392	10694
393	10619
394	10327
395	9748
396	10146
397	10460
398	10170
399	10171
400	10073
401	10148
402	9768
403	9876
404	10489
405	9993
406	9927
407	9783
408	10135
409	9852
410	9724
411	9678
412	9635
413	9418
414	9320
415	9184
416	9229
417	9213
418	9200
419	9107
420	8989
421	8973
422	8806
423	8940
424	9062
425	9225
426	8872
427	8898
428	9048
429	8764
430	8536
431	8668
432	8721
433	8470
434	8488
435	8471
436	8588
437	8362
438	8736
439	8590
440	8733
441	8544
442	8782
443	8397
444	8441
445	8478
446	8260
447	8518
448	8423
449	8360
450	8461
451	8439
452	8366
453	8309
454	8672
455	8298
456	7933
457	7972
458	7953
459	8233
460	8037
461	7915
462	7705
463	7871
464	7850
465	7946
466	7933
467	7723
468	7608
469	7839
470	7892
471	7849
472	7823
473	7490
474	7640
475	7585
476	7497
477	7750
478	7332
479	7559
480	7272
481	7380
482	7441
483	7399
484	7568
485	7639
486	7669
487	7232
488	7407
489	7417
490	7493
491	7562
492	7911
493	7488
494	7346
495	7447
496	7573
497	7746
498	7669
499	7583
500	7742
501	7197
502	7661
503	7754
504	7624
505	7910
506	7825
507	8480
508	8527
509	7936
510	8038
511	7598
512	7526
513	7536
514	7628
515	7951
516	7811
517	7844
518	7769
519	7914
520	7850
521	7347
522	7754
523	7730
524	7929
525	7543
526	8001
527	7828
528	7816
529	7831
530	8041
531	9045
532	7683
533	7821
534	7788
535	8557
536	8139
537	8507
538	7989
539	7883
540	8224
541	7906
542	7859
543	7659
544	7684
545	7710
546	7523
547	7563
548	7535
549	7328
550	7147
551	7160
552	8319
553	7551
554	7501
555	7369
556	7424
557	7174
558	7459
559	6945
560	6968
561	7219
562	7187
563	7790
564	7047
565	7697
566	7344
567	6968
568	7185
569	6932
570	7206
571	7026
572	6744
573	7317
574	6794
575	7207
576	6998
577	7379
578	6834
579	6610
580	6403
581	6912
582	6691
583	6615
584	6930
585	6742
586	6608
587	6724
588	6542
589	6856
590	6398
591	6693
592	6590
593	7014
594	6585
595	6778
596	6587
597	7129
598	6405
599	6467
600	6510
601	6422
602	6458
603	6377
604	6638
605	6490
606	6324
607	6350
608	6201
609	6480
610	6238
611	6423
612	6200
613	6443
614	6371
615	6258
616	6432
617	6217
618	6439
619	6411
620	6333
621	6050
622	6080
623	6451
624	6245
625	6303
626	6072
627	6049
628	6405
629	6326
630	6319
631	6160
632	6225
633	6470
634	6225
635	6260
636	6260
637	6347
638	6037
639	6183
640	6083
641	6038
642	6060
643	6278
644	6440
645	5817
646	6424
647	5910
648	5900
649	6334
650	6279
651	5938
652	6067
653	6043
654	6151
655	6048
656	5986
657	5939
658	5736
659	6012
660	6255
661	5997
662	5900
663	5893
664	6023
665	5804
666	5623
667	5963
668	6095
669	6077
670	6023
671	6017
672	5950
673	6110
674	5926
675	6022
676	6322
677	6173
678	6099
679	6053
680	5969
681	6202
682	5847
683	5927
684	6226
685	6389
686	6028
687	6154
688	6006
689	5896
690	6172
691	6288
692	5991
693	6120
694	6096
695	5988
696	6075
697	5730
698	6108
699	5854
700	6196
701	6327
702	5982
703	6155
704	6191
705	6258
706	6145
707	5895
708	6156
709	5825
710	5908
711	5955
712	5634
713	5750
714	5536
715	5792
716	5794
717	5513
718	5799
719	5668
720	5579
721	5466
722	5634
723	5680
724	5542
725	5576
726	5643
727	5504
728	5530
729	5708
730	5649
731	5826
732	5669
733	5862
734	6192
735	5597
736	5584
737	5411
738	5534
739	5474
740	5311
741	5571
742	5680
743	5615
744	5676
745	5683
746	5301
747	5469
748	5254
749	5500
750	5751
751	5679
752	5669
753	5665
754	5489
755	5591
756	5431
757	5746
758	5669
759	5472
760	5546
761	5419
762	5691
763	5673
764	5670
765	5871
766	5652
767	5574
768	5651
769	5467
770	5557
771	5390
772	5247
773	5333
774	5451
775	5477
776	5764
777	5529
778	5228
779	5049
780	5472
781	5330
782	5125
783	5371
784	5632
785	5774
786	5547
787	5732
788	5606
789	5577
790	5774
791	5843
792	5796
793	5475
794	5328
795	5461
796	5274
797	5597
798	5744
799	5382
800	5249
801	5749
802	5724
803	5550
804	5517
805	5493
806	5271
807	5805
808	5632
809	5233
810	4943
811	5165
812	5082
813	4995
814	5171
815	4922
816	5076
817	5000
818	4949
819	4846
820	4896
821	5051
822	4841
823	5041
824	4747
825	4711
826	4877
827	4880
828	5018
829	4768
830	4906
831	4782
832	4832
833	4902
834	4899
835	4664
836	4901
837	5119
838	4650
839	4644
840	4699
841	4689
842	4527
843	4752
844	4476
845	4580
846	4624
847	4576
848	4632
849	4321
850	4559
851	4513
852	4439
853	4601
854	4482
855	4671
856	4450
857	4576
858	4532
859	4677
860	4718
861	4736
862	4757
863	4659
864	4589
865	4410
866	4559
867	4509
868	4653
869	4591
870	4456
871	4647
872	4553
873	4647
874	4394
875	4409
876	4727
877	4407
878	4562
879	4349
880	4560
881	4715
882	4592
883	4515
884	4736
885	4816
886	4428
887	4648
888	4434
889	4417
890	4664
891	4619
892	4630
893	4492
894	4531
895	4459
896	4350
897	4723
898	4908
899	4350
900	4703
901	4659
902	4789
903	4358
904	4335
905	4595
906	4616
907	4821
908	4645
909	4655
910	4648
911	4466
912	4579
913	4895
914	4660
915	4480
916	4529
917	4564
918	4583
919	4973
920	4627
921	4546
922	4794
923	4801
924	4743
925	4727
926	4569
927	4834
928	4953
929	5653
930	4839
931	5121
932	4873
933	5047
934	5260
935	5409
936	5417
937	4824
938	5206
939	5053
940	5124
941	4917
942	4672
943	4449
944	4653
945	4838
946	4515
947	4483
948	4626
949	4658
950	4707
951	4725
952	4907
953	4808
954	4536
955	4862
956	4831
957	4776
958	4651
959	4609
960	4778
961	4764
962	4686
963	4624
964	4389
965	4536
966	4417
967	4526
968	4572
969	4557
970	4518
971	4494
972	4521
973	4589
974	4739
975	4565
976	4659
977	4471
978	4021
979	4365
980	4359
981	4364
982	4109
983	4289
984	4285
985	4453
986	4401
987	4525
988	4402
989	4536
990	4459
991	4385
992	4475
993	4423
994	4869
995	4191
996	4442
997	4460
998	4350
999	4271
1000	4530
1001	4301
1002	4426
1003	4389
1004	4191
1005	4302
1006	4282
1007	4470
1008	4323
1009	4197
1010	4245
1011	4291
1012	4013
1013	4272
1014	4340
1015	4000
1016	3996
1017	4278
1018	4328
1019	3962
1020	3888
1021	3838
1022	3904
1023	3786
1024	3838
1025	3836
1026	3840
1027	3852
1028	3699
1029	3759
1030	3717
1031	3756
1032	3773
1033	3679
1034	3684
1035	3612
1036	3682
1037	3607
1038	3602
1039	3869
1040	3810
1041	3568
1042	3552
1043	3654
1044	3539
1045	3600
1046	3694
1047	3651
1048	3714
1049	3636
1050	3599
1051	3536
1052	3612
1053	3406
1054	3255
1055	3547
1056	3488
1057	3539
1058	3443
1059	3434
1060	3524
1061	3394
1062	3475
1063	3479
1064	3274
1065	3378
1066	3392
1067	3288
1068	3440
1069	3411
1070	3531
1071	3351
1072	3397
1073	3354
1074	3324
1075	3311
1076	3412
1077	3526
1078	3787
1079	3493
1080	3267
1081	3388
1082	3200
1083	3392
1084	3288
1085	3134
1086	3489
1087	3313
1088	3692
1089	3389
1090	3343
1091	3688
1092	3582
1093	3526
1094	3733
1095	3353
1096	3526
1097	3643
1098	3244
1099	3253
1100	3288
1101	3260
1102	3547
1103	3166
1104	3441
1105	3523
1106	3193
1107	3470
1108	3214
1109	3443
1110	3378
1111	3368
1112	3453
1113	3868
1114	3314
1115	3352
1116	3489
1117	3450
1118	3561
1119	3569
1120	3487
1121	3377
1122	3451
1123	3354
1124	3383
1125	3266
1126	3460
1127	3318
1128	3385
1129	3262
1130	3293
1131	3375
1132	3261
1133	3142
1134	3313
1135	3213
1136	3489
1137	3137
1138	3348
1139	3373
1140	3219
1141	3284
1142	3281
1143	3226
1144	3409
1145	3224
1146	3464
1147	3290
1148	3410
1149	3486
1150	3303
1151	3479
1152	3440
1153	3441
1154	3503
1155	3339
1156	3459
1157	3451
1158	3581
1159	3367
1160	3520
1161	3396
1162	3364
1163	3457
1164	3473
1165	3441
1166	3292
1167	3367
1168	3302
1169	3369
1170	3465
1171	3455
1172	3385
1173	3586
1174	3371
1175	3376
1176	3325
1177	3592
1178	3526
1179	3279
1180	3462
1181	3397
1182	3386
1183	3538
1184	3544
1185	3581
1186	3480
1187	3338
1188	3549
1189	3364
1190	3613
1191	3603
1192	3571
1193	3711
1194	3481
1195	3601
1196	3653
1197	3597
1198	3695
1199	3581
1200	3557
1201	3707
1202	3968
1203	3836
1204	3850
1205	3717
1206	3693
1207	3941
1208	3739
1209	3623
1210	3947
1211	3690
1212	3930
1213	3775
1214	3916
1215	3970
1216	4082
1217	3843
1218	4422
1219	4073
1220	3891
1221	4019
1222	3939
1223	3970
1224	4170
1225	3935
1226	3891
1227	3664
1228	3802
1229	3827
1230	3975
1231	3895
1232	3807
1233	3903
1234	3814
1235	3846
1236	3639
1237	3830
1238	3692
1239	4019
1240	3836
1241	3558
1242	3654
1243	3696
1244	3411
1245	3638
1246	3725
1247	3921
1248	3931
1249	3794
1250	3808
1251	3803
1252	3734
1253	3778
1254	3676
1255	4046
1256	3602
1257	3377
1258	3712
1259	3322
1260	3556
1261	3564
1262	3499
1263	3954
1264	3513
1265	3574
1266	3408
1267	3789
1268	3584
1269	3525
1270	3633
1271	3401
1272	3390
1273	3321
1274	3355
1275	3307
1276	3259
1277	3257
1278	3188
1279	3259
1280	3366
1281	3281
1282	3247
1283	3508
1284	3137
1285	3466
1286	3450
1287	3286
1288	3567
1289	3275
1290	3538
1291	3310
1292	3377
1293	3296
1294	3525
1295	3330
1296	3370
1297	3321
1298	3634
1299	3386
1300	3498
1301	3524
1302	3398
1303	3452
1304	3500
1305	3477
1306	3613
1307	3613
1308	3507
1309	3452
1310	3458
1311	3453
1312	3628
1313	3573
1314	3597
1315	3575
1316	3493
1317	3456
1318	3244
1319	3335
1320	3470
1321	3353
1322	3420
1323	3294
1324	3326
1325	3382
1326	3454
1327	3598
1328	3322
1329	3300
1330	3297
1331	3344
1332	3401
1333	3395
1334	3342
1335	3147
1336	3342
1337	3238
1338	3340
1339	3373
1340	3234
1341	3080
1342	3242
1343	3309
1344	3156
1345	3218
1346	3190
1347	3246
1348	3184
1349	3354
1350	3272
1351	3285
1352	3367
1353	3363
1354	3140
1355	3341
1356	3228
1357	3404
1358	3224
1359	3456
1360	3314
1361	3250
1362	3229
1363	3342
1364	3256
1365	3127
1366	3141
1367	3131
1368	3121
1369	3212
1370	3253
1371	3210
1372	3430
1373	3281
1374	3130
1375	3229
1376	3329
1377	3172
1378	3172
1379	3329
1380	3303
1381	3355
1382	3386
1383	3220
1384	3203
1385	3264
1386	3265
1387	3373
1388	3163
1389	3224
1390	3298
1391	3282
1392	3295
1393	3255
1394	3337
1395	3329
1396	3261
1397	3337
1398	3261
1399	3362
1400	3134
1401	3140
1402	3289
1403	3079
1404	3136
1405	3093
1406	3197
1407	3159
1408	3186
1409	3104
1410	3127
1411	2959
1412	3093
1413	3135
1414	3011
1415	3050
1416	3077
1417	3027
1418	3252
1419	2954
1420	3077
1421	3106
1422	2924
1423	3097
1424	2919
1425	3212
1426	3097
1427	3143
1428	3162
1429	3443
1430	3533
1431	3223
1432	3032
1433	3095
1434	2943
1435	3030
1436	3160
1437	3069
1438	2990
1439	3092
1440	3125
1441	2917
1442	2916
1443	3258
1444	3062
1445	2977
1446	2960
1447	3149
1448	3104
1449	3031
1450	3020
1451	3122
1452	3146
1453	3037
1454	2926
1455	3272
1456	3306
1457	3343
1458	3189
1459	3109
1460	3024
1461	2980
1462	3181
1463	2894
1464	3066
1465	2978
1466	3167
1467	3006
1468	3167
1469	3047
1470	2926
1471	3188
1472	3017
1473	3088
1474	2948
1475	3067
1476	2894
1477	3034
1478	2865
1479	2918
1480	3037
1481	3194
1482	3223
1483	3157
1484	2990
1485	2913
1486	2821
1487	2940
1488	3001
1489	2985
1490	3011
1491	3080
1492	3098
1493	3239
1494	3432
1495	3071
1496	3157
1497	3063
1498	3273
1499	3555
1500	3269
1501	3264
1502	3125
1503	3102
1504	3092
1505	2976
1506	3115
1507	3368
1508	3122
1509	2997
1510	3082
1511	3007
1512	2930
1513	3121
1514	3036
1515	3025
1516	2962
1517	3075
1518	3015
1519	3190
1520	3138
1521	3086
1522	3065
1523	3119
1524	3082
1525	3264
1526	3112
1527	2972
1528	2927
1529	2811
1530	2861
1531	3032
1532	2890
1533	3135
1534	2863
1535	2825
1536	2852
1537	3034
1538	3048
1539	2934
1540	3157
1541	2960
1542	3043
1543	2805
1544	3085
1545	3140
1546	3108
1547	3353
1548	3220
1549	3159
1550	3101
1551	3088
1552	3020
1553	3163
1554	3109
1555	3232
1556	3399
1557	2977
1558	3136
1559	3062
1560	3019
1561	3057
1562	2998
1563	3112
1564	3062
1565	3150
1566	2815
1567	3003
1568	3019
1569	3059
1570	3116
1571	3076
1572	3083
1573	3113
1574	3182
1575	3002
1576	3124
1577	2867
1578	3087
1579	2904
1580	3051
1581	2909
1582	2912
1583	3264
1584	3081
1585	3114
1586	2945
1587	3155
1588	3053
1589	3089
1590	3158
1591	3049
1592	3637
1593	3069
1594	3107
1595	2932
1596	2957
1597	3003
1598	3125
1599	3127
1600	3074
1601	2884
1602	3044
1603	3119
1604	3061
1605	3322
1606	2997
1607	3136
1608	2917
1609	2852
1610	3055
1611	2949
1612	2814
1613	3059
1614	2973
1615	3044
1616	3055
1617	2969
1618	3123
1619	2959
1620	2908
1621	2850
1622	3012
1623	2852
1624	3099
1625	2867
1626	2875
1627	3117
1628	2794
1629	2989
1630	2814
1631	3095
1632	2930
1633	2846
1634	3162
1635	2920
1636	2906
1637	2959
1638	3000
1639	3112
1640	2922
1641	3017
1642	3071
1643	2938
1644	3174
1645	2986
1646	3341
1647	2864
1648	2928
1649	3036
1650	3042
1651	3566
1652	3142
1653	3085
1654	2917
1655	3373
1656	3276
1657	3666
1658	3245
1659	3049
1660	3251
1661	3171
1662	4410
1663	3489
1664	3338
1665	3298
1666	2994
1667	3294
1668	3717
1669	3807
1670	3565
1671	2962
1672	3273
1673	3086
1674	3010
1675	3422
1676	3152
1677	3102
1678	3051
1679	2958
1680	2879
1681	3149
1682	2980
1683	3394
1684	2890
1685	3334
1686	2973
1687	2906
1688	3196
1689	2792
1690	3160
1691	3056
1692	3025
1693	3043
1694	2868
1695	2892
1696	3075
1697	2984
1698	3114
1699	3037
1700	3078
1701	3045
1702	3122
1703	3068
1704	2951
1705	2918
1706	3112
1707	3660
1708	3068
1709	2937
1710	2813
1711	2738
1712	3001
1713	3259
1714	3111
1715	2899
1716	2882
1717	2693
1718	3206
1719	2752
1720	2928
1721	3031
1722	2745
1723	3015
1724	2964
1725	3052
1726	3012
1727	2704
1728	2743
1729	2837
1730	2679
1731	2740
1732	2726
1733	2567
1734	2668
1735	2395
1736	2620
1737	2634
1738	2516
1739	2555
1740	2496
1741	2324
1742	2505
1743	2477
1744	2499
1745	2515
1746	2403
1747	2576
1748	2581
1749	2637
1750	2540
1751	2444
1752	2674
1753	2510
1754	2650
1755	2603
1756	2461
1757	2636
1758	2534
1759	2464
1760	2707
1761	2510
1762	2586
1763	2377
1764	2610
1765	2597
1766	2454
1767	2464
1768	2457
1769	2452
1770	2503
1771	2472
1772	2507
1773	2573
1774	2499
1775	2397
1776	2418
1777	2410
1778	2456
1779	2246
1780	2392
1781	2285
1782	2266
1783	2224
1784	2260
1785	2210
1786	2273
1787	2154
1788	2119
1789	2260
1790	2170
1791	2147
1792	2316
1793	2186
1794	2176
1795	2154
1796	2240
1797	2177
1798	2135
1799	2136
1800	2179
1801	2240
1802	2092
1803	2229
1804	2135
1805	2315
1806	2248
1807	2178
1808	2202
1809	2093
1810	2213
1811	2233
1812	2113
1813	2118
1814	2067
1815	2070
1816	2137
1817	2030
1818	2091
1819	1979
1820	2130
1821	2103
1822	2172
1823	2315
1824	2163
1825	2139
1826	2247
1827	2149
1828	2309
1829	2175
1830	2153
1831	2250
1832	2275
1833	2169
1834	2132
1835	2208
1836	2196
1837	2239
1838	2128
1839	2219
1840	2232
1841	2283
1842	2236
1843	2195
1844	2091
1845	2183
1846	2336
1847	2070
1848	2274
1849	2228
1850	2256
1851	2299
1852	2225
1853	2173
1854	2390
1855	2384
1856	2279
1857	2337
1858	2457
1859	2299
1860	2376
1861	2471
1862	2486
1863	2353
1864	2234
1865	2395
1866	2300
1867	2306
1868	2240
1869	2343
1870	2622
1871	2251
1872	2483
1873	2495
1874	2218
1875	2320
1876	2335
1877	2372
1878	2489
1879	2371
1880	2438
1881	2432
1882	2424
1883	2410
1884	2374
1885	2455
1886	2276
1887	2343
1888	2250
1889	2286
1890	2453
1891	2313
1892	2291
1893	2202
1894	2257
1895	2296
1896	2415
1897	2219
1898	2202
1899	2175
1900	2215
1901	2365
1902	2294
1903	2267
1904	2064
1905	2209
1906	2192
1907	2314
1908	2192
1909	2198
1910	2157
1911	2404
1912	2292
1913	2377
1914	2316
1915	2348
1916	2509
1917	2390
1918	2136
1919	2300
1920	2262
1921	2342
1922	2443
1923	2232
1924	2311
1925	2274
1926	2294
1927	2370
1928	2345
1929	2338
1930	2248
1931	2310
1932	2190
1933	2311
1934	2274
1935	2388
1936	2432
1937	2436
1938	2441
1939	2395
1940	2365
1941	2505
1942	2400
1943	2305
1944	2301
1945	2191
1946	2426
1947	2339
1948	2456
1949	2332
1950	2433
1951	2339
1952	2457
1953	2527
1954	2442
1955	2361
1956	2419
1957	2557
1958	2367
1959	2372
1960	2513
1961	2448
1962	2467
1963	2500
1964	2448
1965	2497
1966	2583
1967	2487
1968	2521
1969	2515
1970	2513

